
Isochron calculation tool
Computation of isochrones :   age = 5.00E+07

Metallicity : Z = 0.02 , no overshooting        

 ST       L         R        Teff     Mass    Bol    BC     B-V    V-R    V-I    Mu     Mv     Mb     Mr     Mi     Mj     Mh     Mk     Ml  flag  check

 M6   4.864E-03  2.197E-01   3055.   0.100  10.53  -4.32   2.00   1.99   4.28  18.18  14.86  16.85  12.87  10.58   8.61   7.95   7.59   7.23   0     0
 M5   1.389E-02  3.137E-01   3330.   0.200   9.39  -2.78   1.67   1.31   3.02  15.12  12.17  13.84  10.86   9.15   7.55   6.95   6.65   6.41   0     0
 M3   2.507E-02  3.857E-01   3531.   0.300   8.75  -1.87   1.53   1.05   2.32  13.36  10.62  12.15   9.57   8.30   7.08   6.43   6.20   6.02   0     0
 M2   3.891E-02  4.432E-01   3675.   0.400   8.27  -1.52   1.48   0.96   2.04  12.49   9.80  11.28   8.83   7.76   6.68   6.01   5.81   5.66   0     0
 M1   5.837E-02  4.972E-01   3796.   0.500   7.83  -1.30   1.44   0.92   1.86  11.80   9.13  10.57   8.22   7.27   6.29   5.62   5.44   5.30   0     0
 M0   8.866E-02  5.624E-01   3934.   0.600   7.38  -1.12   1.39   0.88   1.72  11.11   8.50   9.89   7.62   6.78   5.88   5.21   5.06   4.93   0     0
 K7   1.429E-01  6.517E-01   4162.   0.700   6.86  -0.87   1.29   0.80   1.52  10.19   7.73   9.03   6.93   6.21   5.42   4.78   4.65   4.54   0     0
 K4   2.784E-01  7.619E-01   4668.   0.800   6.14  -0.53   1.02   0.62   1.13   8.55   6.67   7.69   6.05   5.54   4.81   4.25   4.16   4.06   0     0
 K2   4.250E-01  8.169E-01   5019.   0.900   5.68  -0.39   0.87   0.51   0.96   7.54   6.07   6.94   5.55   5.11   4.50   4.01   3.93   3.86   0     0
 K0   6.592E-01  8.961E-01   5353.   1.000   5.20  -0.29   0.79   0.45   0.84   6.68   5.50   6.29   5.05   4.65   4.13   3.69   3.62   3.56   0     0
 G7   1.004E+00  9.985E-01   5638.   1.100   4.75  -0.23   0.70   0.41   0.79   5.92   4.98   5.68   4.57   4.19   3.74   3.34   3.28   3.23   0     0
 G1   1.596E+00  1.130E+00   5952.   1.200   4.24  -0.19   0.60   0.36   0.72   5.05   4.43   5.03   4.07   3.71   3.36   3.05   3.00   2.95   0     0
 F8   2.375E+00  1.251E+00   6245.   1.300   3.81  -0.16   0.51   0.32   0.64   4.48   3.97   4.48   3.65   3.33   3.00   2.70   2.65   2.61   0     0
 F5   3.387E+00  1.361E+00   6546.   1.400   3.43  -0.13   0.40   0.26   0.52   3.95   3.56   3.96   3.30   3.04   2.78   2.56   2.52   2.48   0     0
 F3   4.591E+00  1.440E+00   6865.   1.500   3.10  -0.11   0.35   0.23   0.46   3.58   3.21   3.56   2.97   2.74   2.56   2.40   2.36   2.33   0     0
 F0   6.117E+00  1.484E+00   7290.   1.600   2.78  -0.10   0.29   0.18   0.39   3.21   2.88   3.17   2.70   2.49   2.36   2.24   2.21   2.18   0     0
 A8   8.024E+00  1.517E+00   7720.   1.700   2.49  -0.11   0.21   0.12   0.29   2.89   2.60   2.81   2.49   2.31   2.18   2.10   2.07   2.04   0     0
 A7   1.020E+01  1.550E+00   8142.   1.800   2.23  -0.13   0.17   0.08   0.22   2.62   2.36   2.53   2.27   2.14   2.01   1.94   1.91   1.88   0     0
 A4   1.276E+01  1.587E+00   8515.   1.900   1.99  -0.16   0.11   0.04   0.10   2.33   2.15   2.26   2.11   2.05   1.92   1.88   1.87   1.85   0     0
 A3   1.575E+01  1.627E+00   8871.   2.000   1.76  -0.19   0.07   0.02   0.06   2.07   1.95   2.02   1.92   1.89   1.80   1.79   1.77   1.76   0     0
 A0   2.316E+01  1.713E+00   9539.   2.200   1.34  -0.35  -0.01   0.00  -0.02   1.65   1.69   1.68   1.69   1.71   1.72   1.72   1.73   1.73   0     0
 A0   3.859E+01  1.856E+00  10399.   2.500   0.78  -0.52  -0.05  -0.01  -0.06   1.13   1.30   1.26   1.31   1.36   1.42   1.45   1.47   1.48   0     0
 B9   5.247E+01  1.959E+00  10931.   2.700   0.45  -0.61  -0.06  -0.01  -0.07   0.82   1.06   1.00   1.08   1.14   1.23   1.26   1.28   1.31   0     0
 B9   7.998E+01  2.121E+00  11651.   3.000  -0.01  -0.74  -0.08  -0.02  -0.09   0.40   0.73   0.65   0.74   0.81   0.94   0.98   1.01   1.04   0     0
 B8   1.488E+02  2.413E+00  12660.   3.500  -0.68  -0.94  -0.10  -0.02  -0.09  -0.20   0.26   0.16   0.28   0.35   0.53   0.58   0.62   0.65   0     0
 B7   2.543E+02  2.709E+00  13688.   4.000  -1.26  -1.16  -0.12  -0.03  -0.09  -0.68  -0.10  -0.22  -0.07  -0.01   0.21   0.26   0.34   0.34   0     0
 B6   6.660E+02  3.546E+00  15227.   5.000  -2.31  -1.43  -0.14  -0.04  -0.10  -1.59  -0.88  -1.02  -0.84  -0.77  -0.53  -0.47  -0.37  -0.39   0     0
 B5   1.551E+03  5.124E+00  15608.   6.000  -3.23  -1.49  -0.15  -0.04  -0.11  -2.47  -1.74  -1.88  -1.70  -1.63  -1.37  -1.31  -1.21  -1.24   0     0
 B5   3.630E+03  6.980E+00  16900.   7.000  -4.15  -1.69  -0.16  -0.05  -0.13  -3.29  -2.46  -2.63  -2.42  -2.34  -2.07  -2.00  -1.89  -1.91   1     0


L,R and M are expressed in solar units, Teff in K
Bol represents the bolometric magnitude
Colors are given in the Cousins system. We used the conversion table of Kenyon et al. (1994, AJ, 108, 251)  
check = 1 means that the colors are out of the table and have been extrapolated
flag  = 1 means that the request was not successful. The data corresponds to the last entry found in the file

