Isochron calculation tool
Computation of isochrones :   age = 3.00E+08

Metallicity : Z = 0.02 , no overshooting        

 ST       L         R        Teff     Mass    Bol    BC     B-V    V-R    V-I    Mu     Mv     Mb     Mr     Mi     Mj     Mh     Mk     Ml  flag  check

 M6   1.255E-03  1.290E-01   2874.   0.100  12.00  -5.39   2.18   2.49   5.19  20.98  17.40  19.57  14.90  12.21  10.05   9.35   8.94   8.51   0     1
 M5   6.070E-03  2.089E-01   3292.   0.200  10.29  -2.99   1.73   1.39   3.18  16.28  13.29  15.02  11.90  10.11   8.43   7.82   7.51   7.25   0     0
 M3   1.331E-02  2.791E-01   3524.   0.300   9.44  -1.89   1.54   1.06   2.34  14.07  11.33  12.87  10.27   8.99   7.76   7.12   6.89   6.70   0     0
 M2   2.407E-02  3.460E-01   3672.   0.400   8.80  -1.53   1.49   0.96   2.04  13.02  10.32  11.81   9.36   8.28   7.20   6.53   6.33   6.18   0     0
 M1   4.266E-02  4.177E-01   3808.   0.500   8.18  -1.28   1.44   0.91   1.84  12.11   9.45  10.89   8.54   7.61   6.64   5.96   5.79   5.65   0     0
 M0   7.500E-02  5.030E-01   3973.   0.600   7.56  -1.08   1.38   0.87   1.69  11.24   8.64  10.02   7.78   6.95   6.07   5.40   5.25   5.13   0     0
 K6   1.299E-01  6.049E-01   4239.   0.700   6.97  -0.79   1.25   0.77   1.44  10.12   7.76   9.00   6.99   6.31   5.54   4.91   4.80   4.69   0     0
 K4   2.327E-01  7.109E-01   4621.   0.800   6.33  -0.57   1.05   0.64   1.17   8.86   6.90   7.95   6.26   5.73   4.98   4.41   4.31   4.22   0     0
 K2   4.047E-01  8.008E-01   5006.   0.900   5.73  -0.39   0.87   0.52   0.96   7.61   6.12   7.00   5.61   5.16   4.55   4.06   3.97   3.91   0     0
 K0   6.737E-01  9.007E-01   5368.   1.000   5.18  -0.29   0.79   0.45   0.84   6.64   5.47   6.26   5.02   4.63   4.11   3.68   3.60   3.54   0     0
 G7   1.060E+00  1.010E+00   5683.   1.100   4.69  -0.22   0.69   0.40   0.78   5.82   4.91   5.60   4.51   4.13   3.70   3.31   3.25   3.20   0     0
 G1   1.662E+00  1.139E+00   5981.   1.200   4.20  -0.19   0.59   0.36   0.71   4.99   4.38   4.97   4.03   3.67   3.32   3.01   2.96   2.91   0     0
 F8   2.470E+00  1.265E+00   6271.   1.300   3.77  -0.16   0.50   0.31   0.62   4.42   3.93   4.42   3.61   3.30   2.97   2.67   2.63   2.59   0     0
 F5   3.519E+00  1.380E+00   6559.   1.400   3.38  -0.13   0.40   0.26   0.52   3.91   3.52   3.92   3.26   3.00   2.74   2.53   2.49   2.45   0     0
 F3   4.790E+00  1.468E+00   6873.   1.500   3.05  -0.11   0.35   0.23   0.46   3.53   3.16   3.51   2.93   2.70   2.52   2.35   2.32   2.29   0     0
 F0   6.407E+00  1.526E+00   7271.   1.600   2.73  -0.10   0.29   0.18   0.39   3.16   2.83   3.12   2.65   2.44   2.31   2.18   2.15   2.12   0     0
 A8   8.452E+00  1.584E+00   7665.   1.700   2.43  -0.11   0.22   0.12   0.30   2.84   2.54   2.76   2.42   2.24   2.11   2.02   1.99   1.96   0     0
 A7   1.081E+01  1.647E+00   8006.   1.800   2.17  -0.12   0.18   0.09   0.24   2.56   2.29   2.47   2.20   2.05   1.92   1.84   1.82   1.79   0     0
 A6   1.361E+01  1.722E+00   8310.   1.900   1.92  -0.14   0.15   0.07   0.17   2.30   2.06   2.20   1.99   1.89   1.75   1.69   1.67   1.65   0     0
 A4   1.695E+01  1.809E+00   8573.   2.000   1.68  -0.17   0.11   0.04   0.10   2.02   1.84   1.95   1.81   1.75   1.63   1.59   1.58   1.57   0     0
 A2   2.570E+01  2.003E+00   9055.   2.200   1.23  -0.21   0.05   0.02   0.04   1.52   1.44   1.49   1.42   1.40   1.34   1.33   1.32   1.31   0     0
 A0   4.577E+01  2.395E+00   9562.   2.500   0.60  -0.36  -0.01   0.00  -0.02   0.91   0.95   0.94   0.95   0.98   0.99   0.99   1.00   1.00   0     0
 A0   6.569E+01  2.777E+00   9706.   2.700   0.21  -0.38  -0.02   0.00  -0.03   0.52   0.59   0.57   0.59   0.62   0.64   0.65   0.66   0.66   0     0
 A1   1.090E+02  3.782E+00   9489.   3.000  -0.34  -0.34  -0.01   0.00  -0.02  -0.04  -0.01  -0.01  -0.01   0.01   0.01   0.02   0.02   0.02   0     0
 B9   2.713E+02  4.630E+00  10686.   3.500  -1.33  -0.57  -0.06  -0.01  -0.07  -0.98  -0.76  -0.82  -0.75  -0.70  -0.62  -0.59  -0.57  -0.55   1     0
 B8   4.398E+02  4.650E+00  11933.   4.000  -1.86  -0.78  -0.09  -0.02  -0.09  -1.44  -1.07  -1.16  -1.06  -0.98  -0.84  -0.80  -0.76  -0.73   1     0
 B7   9.001E+02  5.290E+00  13429.   5.000  -2.64  -1.11  -0.12  -0.02  -0.09  -2.08  -1.53  -1.65  -1.50  -1.44  -1.23  -1.17  -1.11  -1.10   1     0
 B5   2.069E+03  6.290E+00  15443.   6.000  -3.54  -1.46  -0.14  -0.04  -0.11  -2.80  -2.08  -2.22  -2.04  -1.97  -1.72  -1.66  -1.56  -1.58   1     0
 B5   3.630E+03  6.980E+00  16900.   7.000  -4.15  -1.69  -0.16  -0.05  -0.13  -3.29  -2.46  -2.63  -2.42  -2.34  -2.07  -2.00  -1.89  -1.91   1     0


L,R and M are expressed in solar units, Teff in K
Bol represents the bolometric magnitude
Colors are given in the Cousins system. We used the conversion table of Kenyon et al. (1994, AJ, 108, 251)  
check = 1 means that the colors are out of the table and have been extrapolated
flag  = 1 means that the request was not successful. The data corresponds to the last entry found in the file