-2.367
7.080
-0.378
-2.273
1.805
4.093
0.189
1.453
6.069
0.821
6.497
6.504
1.446
0.926
2.130
1.797
5.584
0.198
-0.048
3.107
6.182
1.790
1.790
2.441
1.404
6.633
1.566
5.602
-1.753
-3.397
2.153
6.795
0.094
2.738
2.529
6.970
1.899
2.212
1.488
0.022
-2.333
-0.123
3.971
2.714
1.946
-2.526
1.294
0.995
2.403
6.453
0.021
2.547
0.290
0.171
1.987
2.275
2.174
1.372
2.091
-3.574
2.356
0.194
0.095
0.229
0.211
1.631
1.140
1.534
1.271
0.880
1.140
-1.001
1.163
2.421
1.908
1.947
0.532
-3.348
1.231
1.380
2.766
2.044
2.023
3.806
1.882
2.130
1.402
1.702
2.465
0.695
0.695
0.743
2.292
1.751
1.864
0.666
1.583
0.781
2.104
1.583
0.357
1.804
0.551
-2.007
0.638
1.116
1.262
1.006
2.320
1.976
1.864
0.715
1.172
-2.746
1.011
-2.443
2.356
1.210
2.055
2.386
0.463
0.415
1.629
1.495
0.636
0.636
1.495
2.583
2.015
1.848
2.376
0.201
-0.286
1.765
1.491
1.021
2.366
2.219
1.556
0.959
0.518
2.105
0.206
1.980
1.654
2.351
-0.295
1.409
-3.228
1.964
2.092
1.991
0.567
2.937
2.268
0.385
-0.887
1.416
2.041
1.719
2.108
1.249
1.681
2.454
1.197
1.453
1.543
1.191
0.161
0.969
1.963
1.288
2.026
0.193
1.727
0.748
1.277
2.075
0.447
2.114
0.221
2.844
1.307
2.144
1.817
1.749
0.277
3.089
1.837
2.246
2.176
1.267
1.567
2.136
7.167
-3.739
0.810
1.431
0.541
0.794
1.037
-1.358
0.199
0.728
1.450
0.941
-0.470
-2.455