-1.865
7.542
0.478
-1.827
1.849
4.444
0.352
1.461
6.699
0.847
6.895
7.147
2.012
0.812
2.252
1.773
6.009
0.189
-0.079
3.150
6.602
1.838
1.838
2.615
1.417
7.118
1.584
6.003
-1.516
-2.783
2.159
7.299
0.055
2.750
2.645
7.561
1.928
2.265
1.515
0.559
-1.870
0.368
4.248
2.835
1.988
-2.068
1.376
0.996
2.436
6.904
0.274
2.573
0.338
0.151
2.012
2.324
2.163
1.674
2.104
-2.903
2.330
0.141
0.038
0.204
0.136
1.642
1.141
1.646
1.282
0.822
1.138
-0.475
1.155
2.520
1.980
2.010
0.465
-2.592
1.403
1.367
2.777
2.139
2.254
4.111
1.951
2.163
1.381
1.704
2.594
0.659
0.659
0.730
2.390
1.824
1.960
0.667
1.637
1.072
2.103
1.584
0.374
1.812
0.564
-1.571
0.699
1.101
1.285
0.990
2.390
2.001
2.095
0.627
1.269
-1.992
1.063
-2.010
2.416
1.257
2.172
2.518
0.406
0.361
1.608
1.559
0.579
0.579
1.559
2.772
2.052
1.903
2.456
0.223
-0.291
1.728
1.499
1.039
2.457
2.402
1.536
0.926
0.590
2.168
0.234
1.946
1.793
2.458
-0.312
1.416
-2.540
2.118
2.263
2.067
0.517
2.883
2.454
0.406
-0.866
1.469
2.139
1.740
2.205
1.319
1.739
2.476
1.242
1.537
1.598
1.426
0.171
1.012
2.048
1.320
2.112
0.134
1.915
1.210
1.317
2.187
0.728
2.185
0.731
2.868
1.309
2.232
1.791
1.763
0.248
3.077
1.894
2.335
2.219
1.343
1.572
2.244
7.572
-3.036
0.814
1.413
0.551
0.798
0.990
-1.197
0.198
0.786
1.487
0.899
-0.451
-1.757