-2.524
-18.064
-0.721
-2.424
1.802
4.009
0.115
1.435
5.890
0.780
6.053
6.332
1.358
0.827
2.174
1.812
5.676
0.099
-0.044
3.079
5.998
1.762
1.762
2.365
1.374
6.636
1.509
5.450
-1.882
-3.664
2.087
6.758
0.060
2.708
2.502
6.829
1.863
2.171
1.379
-0.162
-2.450
-0.198
3.826
2.647
1.898
-2.693
1.179
0.981
2.310
6.399
-0.122
2.485
0.301
0.183
1.951
2.220
2.052
1.260
2.026
-3.740
2.290
0.210
0.045
0.225
0.050
1.591
1.132
1.488
1.222
0.859
1.068
-1.107
1.087
2.370
1.748
1.899
0.469
-3.760
1.119
1.360
2.752
1.973
1.980
3.742
1.874
2.079
1.370
1.622
2.418
0.687
0.687
0.700
2.254
1.702
1.839
0.619
1.608
0.657
2.104
1.575
0.316
1.778
0.523
-2.157
0.653
1.101
1.242
0.969
2.298
1.951
1.811
0.675
1.144
-3.032
0.979
-2.611
2.300
1.158
2.060
2.376
0.404
0.366
1.635
1.498
0.547
0.547
1.498
2.586
2.015
1.807
2.294
0.149
-0.337
1.671
1.427
0.994
2.284
2.151
1.496
0.918
0.485
2.039
0.143
1.852
1.579
2.305
-0.358
1.362
-3.514
1.856
2.021
1.924
0.490
2.905
2.207
0.423
-0.876
1.390
1.971
1.634
2.019
1.204
1.661
2.377
1.149
1.399
1.465
1.205
0.121
0.948
1.978
1.289
1.940
0.180
1.691
0.642
1.302
2.012
0.422
2.056
0.113
2.807
1.252
2.089
1.824
1.737
0.300
3.121
1.796
2.222
2.171
1.210
1.535
2.063
-18.064
-3.915
0.763
1.347
0.494
0.729
1.048
-1.480
0.217
0.660
1.390
0.895
-0.504
-2.628