2.428
2.321
6.613
2.387
2.523
2.558
3.399
4.53
4.4
4.881
5.209
2.571
2.446
0.976
1.743
1.624
1.108
1.662
1.527
2.242
5.591
4.644
4.289
2.967
2.359
5.73
5.149
2.326
5.024
2.499
5.205
2.837
3.71
2.866
3.87
2.183
2.808
1.813
4.76
2.663
2.304
2.737
3.774
3.121
3.28
4.81
3.972
4.822
5.79
1.742
3.894
3.856
3.126
3.726
3.422
3.498
5.045
4.687
4.566
3.364
4.316
3.115
6.999
5.375
3.802
3.23
3.249
6.999
3.758
3.149
3.349
3.423
3.193
3.252
3.116
2.693
3.234
2.693
2.921
2.987
2.907
2.79
2.936
4.382
2.95
3.035
2.866
2.96
5.821
2.904
3.617
4.628
3.176
5.812
3.135
5.754
2.613
2.387
1.272
4.619
1.556
6.066
1.717
1.508
1.666
2.874
5.59
2.008
1.925
1.782
1.797
2.304
1.489