Isochron calculation tool
Computation of isochrones :   age = 1.20E+08

Metallicity : Z = 0.02 , no overshooting        

 ST       L         R        Teff     Mass    Bol    BC     B-V    V-R    V-I    Mu     Mv     Mb     Mr     Mi     Mj     Mh     Mk     Ml  flag  check

 M6   2.458E-03  1.644E-01   2982.   0.100  11.27  -4.75   2.07   2.19   4.64  19.45  16.02  18.09  13.83  11.38   9.34   8.67   8.28   7.89   0     1
 M5   7.949E-03  2.377E-01   3312.   0.200  10.00  -2.88   1.70   1.35   3.10  15.85  12.88  14.58  11.53   9.78   8.15   7.54   7.24   6.99   0     0
 M3   1.550E-02  3.013E-01   3528.   0.300   9.27  -1.88   1.54   1.05   2.33  13.89  11.15  12.69  10.10   8.82   7.60   6.95   6.72   6.54   0     0
 M2   2.607E-02  3.580E-01   3682.   0.400   8.71  -1.51   1.48   0.96   2.03  12.91  10.22  11.70   9.26   8.19   7.12   6.45   6.25   6.10   0     0
 M1   4.485E-02  4.220E-01   3829.   0.500   8.12  -1.24   1.43   0.90   1.82  12.02   9.36  10.79   8.45   7.54   6.59   5.92   5.75   5.61   0     0
 M0   7.731E-02  5.051E-01   3996.   0.600   7.53  -1.06   1.37   0.86   1.68  11.18   8.59   9.96   7.73   6.91   6.04   5.38   5.23   5.11   0     0
 K6   1.302E-01  6.034E-01   4251.   0.700   6.96  -0.78   1.24   0.76   1.43  10.09   7.74   8.98   6.98   6.31   5.54   4.91   4.80   4.69   0     0
 K4   2.319E-01  7.060E-01   4634.   0.800   6.34  -0.56   1.04   0.63   1.16   8.83   6.89   7.93   6.26   5.74   4.99   4.43   4.33   4.23   0     0
 K2   4.002E-01  7.961E-01   5007.   0.900   5.74  -0.39   0.87   0.52   0.96   7.62   6.14   7.01   5.62   5.18   4.56   4.07   3.99   3.92   0     0
 K0   6.625E-01  8.957E-01   5361.   1.000   5.20  -0.29   0.79   0.45   0.84   6.67   5.49   6.28   5.04   4.65   4.13   3.69   3.62   3.56   0     0
 G7   1.041E+00  1.004E+00   5674.   1.100   4.71  -0.22   0.69   0.40   0.78   5.85   4.93   5.62   4.53   4.15   3.71   3.32   3.26   3.21   0     0
 G1   1.630E+00  1.131E+00   5983.   1.200   4.22  -0.19   0.59   0.36   0.71   5.01   4.40   4.99   4.05   3.69   3.34   3.03   2.98   2.93   0     0
 F8   2.412E+00  1.253E+00   6264.   1.300   3.79  -0.16   0.50   0.31   0.63   4.45   3.95   4.45   3.64   3.32   2.99   2.69   2.65   2.61   0     0
 F5   3.431E+00  1.364E+00   6556.   1.400   3.41  -0.13   0.40   0.26   0.52   3.94   3.54   3.94   3.28   3.03   2.77   2.55   2.51   2.48   0     0
 F3   4.643E+00  1.445E+00   6874.   1.500   3.08  -0.11   0.35   0.23   0.46   3.57   3.19   3.55   2.96   2.73   2.55   2.39   2.36   2.32   0     0
 F0   6.191E+00  1.492E+00   7289.   1.600   2.77  -0.10   0.29   0.18   0.39   3.20   2.87   3.15   2.69   2.48   2.35   2.23   2.20   2.17   0     0
 A8   8.132E+00  1.531E+00   7724.   1.700   2.47  -0.11   0.21   0.12   0.29   2.88   2.59   2.80   2.47   2.30   2.17   2.08   2.05   2.02   0     0
 A7   1.036E+01  1.570E+00   8122.   1.800   2.21  -0.13   0.17   0.09   0.22   2.60   2.34   2.51   2.26   2.12   1.99   1.92   1.89   1.86   0     0
 A4   1.297E+01  1.615E+00   8492.   1.900   1.97  -0.16   0.11   0.04   0.11   2.32   2.13   2.24   2.09   2.02   1.89   1.86   1.84   1.83   0     0
 A3   1.603E+01  1.667E+00   8807.   2.000   1.74  -0.19   0.08   0.03   0.07   2.06   1.92   2.00   1.90   1.85   1.76   1.74   1.73   1.72   0     0
 A1   2.374E+01  1.782E+00   9400.   2.200   1.31  -0.30   0.01   0.00   0.00   1.61   1.62   1.62   1.61   1.62   1.61   1.61   1.61   1.61   0     0
 A0   4.024E+01  1.980E+00  10161.   2.500   0.74  -0.47  -0.04  -0.01  -0.05   1.07   1.21   1.18   1.22   1.26   1.31   1.33   1.34   1.36   0     0
 B9   5.557E+01  2.122E+00  10621.   2.700   0.39  -0.56  -0.05  -0.01  -0.07   0.74   0.95   0.89   0.96   1.01   1.09   1.11   1.14   1.16   0     0
 B9   8.686E+01  2.370E+00  11228.   3.000  -0.10  -0.67  -0.07  -0.01  -0.08   0.29   0.57   0.50   0.58   0.65   0.75   0.79   0.82   0.84   0     0
 B8   1.721E+02  2.885E+00  12060.   3.500  -0.84  -0.81  -0.09  -0.02  -0.09  -0.41  -0.03  -0.12  -0.01   0.06   0.21   0.25   0.29   0.32   0     0
 B8   3.197E+02  3.704E+00  12385.   4.000  -1.51  -0.88  -0.10  -0.02  -0.09  -1.05  -0.63  -0.73  -0.61  -0.54  -0.37  -0.33  -0.29  -0.26   0     0
 B7   9.001E+02  5.290E+00  13429.   5.000  -2.64  -1.11  -0.12  -0.02  -0.09  -2.08  -1.53  -1.65  -1.50  -1.44  -1.23  -1.17  -1.11  -1.10   1     0
 B5   2.069E+03  6.290E+00  15443.   6.000  -3.54  -1.46  -0.14  -0.04  -0.11  -2.80  -2.08  -2.22  -2.04  -1.97  -1.72  -1.66  -1.56  -1.58   1     0
 B5   3.630E+03  6.980E+00  16900.   7.000  -4.15  -1.69  -0.16  -0.05  -0.13  -3.29  -2.46  -2.63  -2.42  -2.34  -2.07  -2.00  -1.89  -1.91   1     0


L,R and M are expressed in solar units, Teff in K
Bol represents the bolometric magnitude
Colors are given in the Cousins system. We used the conversion table of Kenyon et al. (1994, AJ, 108, 251)  
check = 1 means that the colors are out of the table and have been extrapolated
flag  = 1 means that the request was not successful. The data corresponds to the last entry found in the file