Catalog:                    2MASS Working Survey Point Sources
Object:                     NGC 2516
Location:                   (119.529, -60.7535) J2000 
Radius:                     2  degrees
Spatial Bins:               88  
Actual Search Area:         24.1871 (Sq.Deg)  
User Requested Search Area: 12.5664 (Sq.Deg) 

Source Counts

     Total             J-Band        H-Band        K-Band        JHK-Band 
    240740            239237        230188        194677        191919  

Integrated Surface Brightness

       J-Band        H-Band        K-Band 
      2.69368      2.02879      1.80408

Brightness Histogram
  Magnitude  |  J-Count  |  H-Count  |  K-Count  |
      <    2          1          2          3
 2.0 to  2.5          1          2          3
 2.5 to  3.0          0          2          1
 3.0 to  3.5          2          3          3
 3.5 to  4.0          3          3          5
 4.0 to  4.5          3          6          7
 4.5 to  5.0          5         12         23
 5.0 to  5.5         10         23         20
 5.5 to  6.0         17         37         44
 6.0 to  6.5         31         51         66
 6.5 to  7.0         50         85         90
 7.0 to  7.5         80        106        129
 7.5 to  8.0        120        188        221
 8.0 to  8.5        161        273        290
 8.5 to  9.0        293        408        417
 9.0 to  9.5        407        521        592
 9.5 to 10.0        600        828        893
10.0 to 10.5        843       1136       1230
10.5 to 11.0       1191       1660       1812
11.0 to 11.5       1735       2403       2580
11.5 to 12.0       2573       3455       3716
12.0 to 12.5       3700       5087       5531
12.5 to 13.0       5255       7295       7959
13.0 to 13.5       7464      10671      11885
13.5 to 14.0      10894      15510      17301
14.0 to 14.5      15541      22375      24999
14.5 to 15.0      21571      31629      37260
15.0 to 15.5      30341      44908      52819
15.5 to 16.0      41632      57443      24297
16.0 to 16.5      56273      23454        479
16.5 to 17.0      36534        608          2
17.0 to 17.5       1895          3          0
17.5 to 18.0         10          1          0
18.0 to 18.5          1          0          0
18.5 to 19.0          0          0          0
     >   19           0          0          0

Color Histogram
  Magnitude  | J_H-Count  | H_K-Count  | J_K-Count  |
       <  -2          1          0          0
-2.0 to -1.8          0          0          0
-1.8 to -1.6          0          0          0
-1.6 to -1.4          0          0          0
-1.4 to -1.2          0          0          0
-1.2 to -1.0          0          0          0
-1.0 to -0.8          1          2          0
-0.8 to -0.6          0         11          0
-0.6 to -0.4          3        209          1
-0.4 to -0.2         43       2487          8
-0.2 to  0.0        750      19408        170
 0.0 to  0.2       7765     100088       2234
 0.2 to  0.4      60657      46001      22578
 0.4 to  0.6      84161      16200      53594
 0.6 to  0.8      57445       5824      49481
 0.8 to  1.0      14574       1665      38075
 1.0 to  1.2       3075        333      17184
 1.2 to  1.4        559         58       6799
 1.4 to  1.6         62          2       2614
 1.6 to  1.8          4          1        857
 1.8 to  2.0          1          0        228
 2.0 to  2.2          5          0         56
 2.2 to  2.4          1          0          5
 2.4 to  2.6          0          0          0
 2.6 to  2.8          0          0          0
 2.8 to  3.0          0          0          0
 3.0 to  3.2          0          0          0
 3.2 to  3.4          1          0          0
 3.4 to  3.6          0          0          0
 3.6 to  3.8          0          0          0
 3.8 to  4.0          0          0          0
 4.0 to  4.2          0          0          0
 4.2 to  4.4          0          0          0
 4.4 to  4.6          0          0          0
 4.6 to  4.8          0          0          0
 4.8 to  5.0          0          0          0
        >  5          0          0          0
