6.640
8.200
5.974
6.300
5.894
5.206
7.280
7.000
5.490
7.370
5.419
7.100
6.790
6.180
5.773
6.510
6.790
7.920
5.940
7.510
7.950
6.649
7.040
7.710
5.970
6.810
6.750
8.350
7.790
7.200
5.451
7.510
7.390
5.600
7.920
5.800
7.280
5.650
5.891
5.730
6.710
5.732
7.780
6.630
7.950
6.930
7.000
7.000
6.930
6.480
6.900
7.730
7.180
7.460
6.922
7.120
6.460
6.061
6.823
7.100
6.460
7.940
6.454
5.900
5.860
7.020
7.000
5.820
5.686
7.120
7.690
6.610
6.180
6.330
7.290
4.915
5.820
7.750
7.680
6.340
6.580
7.760
7.240
6.600
6.410
5.990
5.520
7.180
7.630
6.480
6.080
8.000
6.060
7.260
7.670
5.560
5.640
7.220
7.520
5.800
6.920
6.400
6.077
5.961
5.691
7.290
7.390
7.640
8.257
5.858
6.753
5.670
7.680
7.220
5.926
7.740
6.620
7.250
6.830
7.300
6.910
5.800
7.230
7.130
5.167
5.739
5.738
5.482
7.750
5.730
5.796
7.290
7.649
7.720
8.257
6.753
6.037
6.550
7.810
7.400
6.720
8.099
4.961
7.080
7.740
5.830
6.033
6.670
6.630
8.010
5.720
7.060
7.710
6.810
8.030
7.695
7.364
6.377
7.340
7.360
5.554
7.620
6.360
5.760
7.830
7.560
7.070
8.260
7.610
6.200
6.180
7.150
7.300
6.950
6.153
5.865
5.920
7.220
7.560
7.430
6.650
7.970
5.490
7.240
6.070
6.960
7.870
6.020
6.740
7.830
7.160
7.310
6.650
7.460
6.370
6.260
7.080
7.830
7.860
6.700
6.780
6.480
7.250
6.480
6.410
7.290
6.000
8.050
5.447
5.430
7.400
6.620
5.510
5.372
6.740
7.580
5.610
5.400
6.070
5.800
7.180
6.280
7.510
5.980
6.560
6.520
8.610
6.850
5.760
6.820
7.180
6.360
7.350
7.610
5.760
7.590
6.970
7.320
5.410
7.760
5.490
8.010
6.030
6.530
7.160
5.830
6.540
6.240
5.800
6.960
5.130
6.120
6.410
8.060
7.520
6.800
6.000
6.900
8.180
8.370
7.570
7.030
5.736
7.260
5.810
6.200
7.930
7.050
6.010
6.470
5.840
5.860
5.348
5.830
7.940
6.930
6.320
6.290
6.540
6.730
7.830
6.720
6.270
6.060
6.310
5.950
6.470
6.550
5.521
7.930
7.290
7.150
7.630
6.150
6.210
5.420
6.290
5.912
7.480
5.038
5.534
7.630
7.090
5.210
6.002
7.020
5.910
6.810
6.210
6.960
6.670
5.670
8.120
7.120
7.190
6.271
6.650
7.810
7.830
7.000
5.950
7.170
6.780
5.770
6.360
6.250
5.900
6.250
5.900
7.140
6.390
6.240
7.260
6.160
6.140
7.490
6.670
8.230
6.111
5.125
6.400
7.260
6.180
7.010
6.503
4.680
4.380
4.450
4.740
4.120
4.170
2.800
2.080
3.490
3.470
3.770
3.600
2.760
2.950
3.980
4.050
2.800
3.730
3.280
3.460
3.390
3.850
3.390
4.140
3.630
3.930
3.240
4.200
3.530
2.920
2.710
4.050
2.610
3.830
4.350
3.040
2.410
3.370
3.170
3.660
4.160
3.030
4.420
4.520
4.450
4.540
4.430
3.400
3.170