7.290
8.740
6.702
7.040
6.610
5.804
7.770
7.690
6.169
8.000
6.110
7.870
7.530
6.840
6.510
7.170
7.490
8.350
6.563
8.310
8.310
7.250
7.780
8.380
6.730
7.620
7.290
9.100
8.470
7.900
6.120
8.260
7.950
6.300
8.620
6.560
7.880
6.390
6.638
6.500
7.312
6.550
8.430
7.251
8.440
7.420
7.700
7.700
7.420
7.139
7.473
8.810
7.790
8.050
7.650
7.758
7.160
6.790
7.487
7.790
7.090
8.624
7.076
6.655
6.600
7.670
7.730
6.547
6.409
7.960
8.140
7.330
6.835
6.980
8.120
5.636
6.490
8.530
8.630
7.000
7.280
8.350
7.770
7.300
7.060
6.690
6.210
7.720
8.190
7.250
6.790
8.660
6.840
7.840
8.250
6.264
6.370
7.770
7.980
6.557
7.600
7.118
6.832
6.759
6.410
7.934
8.120
8.071
8.809
6.549
7.440
6.428
8.170
7.720
6.700
8.520
7.360
7.800
7.560
8.000
7.690
6.520
7.910
7.780
5.870
6.466
6.444
6.233
8.330
6.460
6.550
7.934
8.363
8.530
8.809
7.440
6.801
7.210
8.600
7.820
7.370
8.990
5.704
7.820
8.520
6.508
6.728
7.430
7.320
8.510
6.451
7.530
8.250
7.343
8.480
7.992
7.934
7.120
7.977
8.210
6.312
8.210
7.060
6.556
8.370
8.520
7.730
8.450
8.330
6.830
6.920
7.900
8.000
7.540
7.090
6.554
6.730
8.038
8.270
8.210
7.360
8.900
6.149
7.760
6.760
7.620
8.700
6.750
7.420
8.460
7.850
7.850
7.350
8.150
7.090
6.990
7.730
8.150
8.370
7.370
7.590
7.120
7.870
7.100
6.930
8.120
6.723
8.390
6.115
6.171
8.470
7.270
6.240
6.050
7.440
8.210
6.363
6.089
6.690
6.520
7.690
6.900
8.050
6.639
7.120
7.100
9.090
7.430
6.454
7.480
7.900
7.000
8.110
7.960
6.440
8.530
7.590
7.950
6.155
8.530
6.197
8.430
6.710
7.270
7.870
6.450
7.310
6.810
6.503
7.580
5.814
6.760
7.080
8.730
7.930
7.430
6.640
7.580
8.470
8.950
8.140
7.710
6.600
7.860
6.600
6.980
8.580
7.570
6.790
6.960
6.589
6.590
6.040
6.470
8.830
7.570
7.020
6.950
7.290
7.400
8.190
7.460
7.010
6.770
7.020
6.650
7.210
7.290
6.255
8.680
8.070
7.960
8.230
6.930
6.940
6.155
7.070
6.670
8.190
5.721
6.240
8.340
7.720
5.818
6.780
7.560
6.690
7.520
6.860
7.770
7.310
6.350
8.600
7.720
7.880
6.980
7.350
8.390
8.380
7.660
6.710
7.840
7.540
6.461
7.090
6.910
6.550
6.910
6.667
7.910
6.980
7.000
7.840
6.850
6.930
7.960
7.320
8.650
6.800
5.878
7.120
7.900
6.910
7.680
7.180
5.190
4.800
4.880
5.210
4.470
4.570
3.170
2.250
3.760
3.740
4.120
3.900
2.900
3.300
4.450
4.450
3.000
4.050
3.560
3.850
3.690
4.100
3.750
4.540
3.950
4.250
3.590
4.590
3.770
3.190
2.930
4.510
2.850
4.200
4.830
3.280
2.620
3.710
3.420
3.900
4.520
3.430
4.900
4.990
4.920
4.980
4.840
3.690
3.380