6.470
7.720
5.770
5.930
5.770
5.022
6.990
6.620
5.273
7.120
5.169
6.760
6.600
5.860
5.560
6.320
6.450
7.530
5.730
7.240
7.420
6.350
6.780
7.530
5.710
6.640
6.480
7.350
7.350
7.030
5.194
7.100
7.000
5.380
7.400
5.610
7.100
5.440
5.680
5.530
6.440
5.570
7.310
6.280
7.260
6.690
6.700
6.700
6.690
6.140
6.570
7.680
6.816
6.937
6.620
6.978
6.122
5.780
6.650
6.830
6.049
7.657
6.090
5.710
5.560
6.800
6.660
5.610
5.530
7.040
7.110
6.360
5.960
5.830
6.900
4.727
5.620
7.270
7.300
5.970
6.320
7.320
6.770
6.240
6.090
5.760
5.420
6.710
6.910
6.190
5.830
7.760
5.840
6.890
7.400
5.490
5.430
6.820
7.230
5.590
6.660
6.080
5.813
5.809
5.510
7.326
7.020
7.513
7.605
5.700
6.398
5.451
7.199
6.793
5.800
7.360
6.330
6.940
6.670
7.070
6.550
5.690
6.900
6.850
4.970
5.567
5.550
5.370
7.460
5.577
5.651
7.326
7.319
7.530
7.605
6.398
5.847
6.330
8.050
7.080
6.379
7.703
4.790
6.925
7.360
5.630
5.835
6.340
6.330
8.010
5.438
6.607
7.239
6.603
7.470
7.084
7.090
6.140
7.290
7.220
5.390
7.310
6.180
5.590
7.240
7.560
6.844
7.830
7.700
5.920
5.940
6.820
6.830
6.680
5.950
5.634
5.660
7.023
7.260
7.370
6.300
7.700
5.220
6.950
5.840
6.680
7.490
5.910
6.410
7.700
6.790
7.010
6.440
7.260
6.190
6.040
6.760
7.110
7.510
6.610
6.590
6.100
6.890
6.200
6.100
7.430
5.850
7.630
5.250
5.300
7.150
6.290
5.270
5.060
6.430
7.370
5.490
5.220
5.810
5.580
6.960
6.030
7.010
5.730
6.180
6.210
7.710
6.380
5.610
6.620
6.970
6.050
7.130
6.990
5.610
7.540
6.560
7.030
5.310
7.840
5.330
7.400
5.770
6.410
7.210
5.570
6.430
5.960
5.540
6.860
4.900
5.950
6.190
7.340
7.290
6.610
5.750
6.680
7.880
7.880
7.210
6.880
5.630
6.850
5.650
5.980
8.150
6.720
5.850
6.240
5.620
5.630
5.120
5.590
7.190
6.620
6.050
6.090
6.330
6.390
7.480
6.570
6.010
5.810
6.040
5.730
6.250
6.370
5.340
7.460
6.930
6.990
7.440
5.910
5.900
5.203
6.000
5.650
7.250
4.850
5.350
7.140
6.850
5.052
5.780
6.710
5.700
6.660
5.940
6.660
6.380
5.570
7.740
6.730
6.960
5.960
6.370
7.140
7.460
6.820
5.880
6.860
6.650
5.590
6.140
5.950
5.680
5.980
5.710
7.050
6.110
6.120
6.850
5.900
6.020
7.210
6.490
7.550
5.890
4.944
6.140
6.950
5.930
6.660
6.280
4.590
4.280
4.320
4.600
4.070
4.090
2.770
2.080
3.470
3.400
3.650
3.530
2.660
2.870
3.840
4.010
2.720
3.660
3.280
3.420
3.320
3.730
3.260
4.070
3.590
3.780
3.120
4.130
3.420
2.810
2.700
3.980
2.530
3.760
4.210
2.990
2.350
3.270
3.090
3.570
4.060
2.940
4.280
4.400
4.330
4.380
4.290
3.370
3.090