7.877
6.737
7.686
6.752
4.780
7.468
8.203
6.722
7.591
3.498
5.359
8.396
4.974
5.016
4.440
8.431
5.777
4.347
4.928
5.693
8.450
7.191
3.122
5.916
7.351
4.144
4.427
7.226
3.768
5.375
2.668
6.343
5.064
6.661
2.925
5.067
0.762
6.691
6.627
4.950
6.423
6.967
6.920
6.556
7.856
5.450
6.495
6.008
4.331
5.339
6.249
2.107
4.604
6.020
5.782
5.644
5.535
5.412
3.217
3.880
0.384
4.061
-0.147
1.352
1.545
-0.224
3.694
5.448
3.001
3.113
0.766
3.646
0.516
3.126
-0.224
2.006
4.066
2.346
4.336
2.666
1.546
3.156
2.306
2.106
2.926
0.386
4.346
3.006