8.469
7.302
8.304
7.342
5.434
8.119
8.829
7.376
8.227
3.684
6.037
9.029
5.663
5.641
5.081
8.958
6.441
4.962
5.553
6.507
9.076
7.833
3.390
6.526
7.885
4.439
4.785
7.871
3.894
5.904
2.858
6.936
5.641
7.293
3.143
5.581
0.721
7.337
7.250
5.522
6.972
7.674
7.481
7.157
8.456
6.109
7.088
6.585
4.759
5.865
6.837
2.318
5.142
6.610
6.428
6.268
6.143
6.060
3.340
4.256
0.324
4.493
-0.261
1.259
1.605
-0.294
4.145
6.085
3.324
3.345
0.726
3.936
0.376
3.316
-0.294
2.036
4.496
2.516
4.756
2.856
1.606
3.386
2.556
2.316
3.146
0.326
4.966
3.326