7.593
6.388
7.361
6.458
4.588
7.213
7.885
6.408
7.349
3.416
5.195
8.050
4.745
4.780
4.231
7.727
5.565
4.238
4.732
5.542
8.067
6.940
3.027
5.676
7.027
3.914
4.326
6.978
3.715
5.281
2.623
6.120
4.937
6.425
2.868
4.942
0.777
6.467
6.308
4.860
6.138
6.657
6.628
6.288
7.594
5.248
6.253
5.730
4.244
5.156
5.995
2.087
4.478
5.750
5.585
5.416
5.381
5.203
3.104
3.785
0.411
3.972
-0.178
1.313
1.481
-0.217
3.627
5.218
2.872
3.115
0.776
3.566
0.466
3.036
-0.214
1.956
3.976
2.266
4.246
2.626
1.486
3.096
2.306
2.086
2.866
0.416
4.236
2.876