Catalog:                    2MASS Working Survey Point Sources
Object:                     NGC 2451
Location:                   (116.35, -37.9667) J2000 
Radius:                     2  degrees
Spatial Bins:               42  
Actual Search Area:         17.8825 (Sq.Deg)  
User Requested Search Area: 12.5664 (Sq.Deg) 

Source Counts

     Total             J-Band        H-Band        K-Band        JHK-Band 
    392945            389208        369833        281013        277463  

Integrated Surface Brightness

       J-Band        H-Band        K-Band 
      2.0268      1.31334      1.06014

Brightness Histogram
  Magnitude  |  J-Count  |  H-Count  |  K-Count  |
      <    2          1          2          2
 2.0 to  2.5          0          1          2
 2.5 to  3.0          1          2          3
 3.0 to  3.5          0          5          8
 3.5 to  4.0          5          8          9
 4.0 to  4.5          3          9         11
 4.5 to  5.0          6         14         24
 5.0 to  5.5         18         32         36
 5.5 to  6.0         25         39         63
 6.0 to  6.5         32         69         62
 6.5 to  7.0         51         77        116
 7.0 to  7.5         84        151        193
 7.5 to  8.0        108        244        290
 8.0 to  8.5        208        356        379
 8.5 to  9.0        322        507        620
 9.0 to  9.5        470        851        996
 9.5 to 10.0        808       1316       1439
10.0 to 10.5       1186       1795       1994
10.5 to 11.0       1769       2561       2932
11.0 to 11.5       2610       3940       4299
11.5 to 12.0       3985       5508       6020
12.0 to 12.5       5667       7896       8802
12.5 to 13.0       8169      11889      13332
13.0 to 13.5      11865      17861      20105
13.5 to 14.0      17910      25635      28084
14.0 to 14.5      25896      34687      38770
14.5 to 15.0      34848      48907      58102
15.0 to 15.5      47566      71011      77015
15.5 to 16.0      67121      95524      17178
16.0 to 16.5      95531      38403        126
16.5 to 17.0      61377        532          1
17.0 to 17.5       1561          1          0
17.5 to 18.0          5          0          0
18.0 to 18.5          0          0          0
18.5 to 19.0          0          0          0
     >   19           0          0          0

Color Histogram
  Magnitude  | J_H-Count  | H_K-Count  | J_K-Count  |
       <  -2          0          0          0
-2.0 to -1.8          0          1          0
-1.8 to -1.6          0          0          0
-1.6 to -1.4          0          0          0
-1.4 to -1.2          1          0          1
-1.2 to -1.0          0          1          1
-1.0 to -0.8          0          1          0
-0.8 to -0.6          0          8          0
-0.6 to -0.4          5        134          3
-0.4 to -0.2         79       2154          7
-0.2 to  0.0       1260      20708        193
 0.0 to  0.2      14174     135897       2572
 0.2 to  0.4      90074      84114      24990
 0.4 to  0.6     133442      23755      70564
 0.6 to  0.8      97864       8593      73939
 0.8 to  1.0      24326       2318      65766
 1.0 to  1.2       4720        465      26800
 1.2 to  1.4        703         50       9975
 1.4 to  1.6         64          9       3459
 1.6 to  1.8          7          0       1027
 1.8 to  2.0          7          1        256
 2.0 to  2.2          2          0         51
 2.2 to  2.4          1          1         16
 2.4 to  2.6          1          1          2
 2.6 to  2.8          1          0          2
 2.8 to  3.0          0          0          1
 3.0 to  3.2          0          0          1
 3.2 to  3.4          0          0          1
 3.4 to  3.6          0          0          1
 3.6 to  3.8          0          0          0
 3.8 to  4.0          0          0          0
 4.0 to  4.2          0          0          0
 4.2 to  4.4          0          0          1
 4.4 to  4.6          0          0          0
 4.6 to  4.8          0          0          0
 4.8 to  5.0          0          0          0
        >  5          0          0          1
