 9.177   0.367   
11.720   0.355    
10.779   0.348    
10.226   0.658    
10.084   0.437   
10.954   0.409    
10.578   0.699   
 8.553   0.228   
 9.755   0.501   
12.582   0.557    
 9.233   0.370   
11.068   0.332    
 7.500   0.035   
 9.330   0.430   
 9.733   0.461   
 8.677   0.138   
13.533   0.527    
12.287   0.389    
10.426   0.603   
12.933   0.456    
11.182   0.359    
11.267   0.439    
 9.535   0.334   
12.589   0.425    
 5.771  -0.031   
13.386   0.618    
11.054   0.814   
10.424   0.733    
14.091   0.546    
10.199   0.524   
 9.144   0.381   
11.501   0.619    
10.399   0.308    
10.271   0.663   
10.443   0.676    
 7.673   0.007   
10.774   0.925   
11.728   0.597    
11.812   0.673    
 7.212   0.052   
13.385   0.707    
12.626   0.450    
11.612   0.409    
 8.831   0.237   
10.119   0.503   
 6.578  -0.032   
12.114   0.735    
 8.594   0.322   
 8.727   0.409   
 5.544   0.011   
 5.823  -0.071   
14.009   0.741    
 7.075   0.151   
 8.701   0.337   
10.743   0.857   
 5.744  -0.065   
 5.197  -0.066   
 9.329   0.338   
 7.477   0.077   
 7.340   0.087   
10.572   0.360    
14.276   0.485    
 9.596   0.206    
 9.211   0.372   
 8.791   0.280   
 9.946   0.665   
 9.767   0.404   
 9.113   0.433   
 8.366   0.235   
10.343   0.550   
 4.071  -0.071   
 7.251   0.046   
 8.945   0.317   
11.137   0.411    
11.095   0.825   
 7.337   0.001   
 9.206   0.558    
11.391   0.875   
11.087   0.810    
11.307   0.837   
 9.603   0.438   
10.742   0.681   
12.103   0.506    
 6.440  -0.055   
 9.680   0.205    
11.418   0.882    
 8.073   0.274   
 8.076   0.141   
10.460   0.354    
 8.401   0.202   
10.120   0.617   
10.083   0.659   
10.018   0.430   
11.083   0.426    
 8.551   0.224    
 8.890   0.255   
10.511   0.573   
10.355   0.591   
 8.085   0.100   
12.880   0.620    
10.081   0.687   
 9.320   0.377   
10.751   0.592    
 7.534   0.659    
 5.967   0.686    
11.616   0.375    
 9.853   0.496    
10.576   0.438    
 7.624   0.098    
 9.846   0.613   
 7.263   0.600    
11.530   0.413    
12.232   0.417    
10.175   0.645    
10.172   0.571