10.04	9.61	9.54
9.93	9.45	9.29
11.64	10.95	10.79
11.41	10.72	10.60
11.45	10.81	10.54
11.65	10.95	10.76
11.52	10.80	10.62
10.26	9.68	9.55
11.44	10.77	10.52
9.73	9.36	9.31
9.69	9.37	9.32
11.27	10.61	10.39
11.19	10.52	10.33
10.60	10.01	9.82
10.11	9.72	9.63
 9.82    9.35   9.29
 8.49    8.30   8.21
10.63   10.12   9.98
 9.45    9.14   9.08
10.23    9.73   9.62
 9.52    9.20   9.16
10.97   10.34  10.16
 9.30    8.92   8.84
 9.45    8.93   8.75
 9.62    9.26   9.16
 8.29    8.06   7.99
 9.50    9.16   9.10
 8.92    8.69   8.68
10.67   10.10   9.94
 8.89    8.54   8.51
10.08    9.62   9.48