Catalog:                    2MASS Working Survey Point Sources
Object:                     IC 2602
Location:                   (160.742, -64.4) J2000 
Radius:                     2  degrees
Spatial Bins:               64  
Actual Search Area:         17.5792 (Sq.Deg)  
User Requested Search Area: 12.5664 (Sq.Deg) 

Source Counts

     Total             J-Band        H-Band        K-Band        JHK-Band 
    918499            897420        817803        612502        598184  

Integrated Surface Brightness

       J-Band        H-Band        K-Band 
      1.49095      0.73512      0.445356

Brightness Histogram
  Magnitude  |  J-Count  |  H-Count  |  K-Count  |
      <    2          2          2          5
 2.0 to  2.5          0          3          1
 2.5 to  3.0          0          2          2
 3.0 to  3.5          3          2          2
 3.5 to  4.0          3          1          7
 4.0 to  4.5          1         11         31
 4.5 to  5.0          2         29         36
 5.0 to  5.5         23         44         71
 5.5 to  6.0         32         87        117
 6.0 to  6.5         52        118        157
 6.5 to  7.0         94        207        292
 7.0 to  7.5        143        336        491
 7.5 to  8.0        229        599        697
 8.0 to  8.5        418        844       1034
 8.5 to  9.0        676       1347       1632
 9.0 to  9.5       1057       1995       2345
 9.5 to 10.0       1748       3046       3421
10.0 to 10.5       2649       4478       5139
10.5 to 11.0       4111       6740       7671
11.0 to 11.5       6225       9973      11231
11.5 to 12.0       9574      14571      16323
12.0 to 12.5      13944      20755      23045
12.5 to 13.0      20420      29784      32586
13.0 to 13.5      29429      42523      46731
13.5 to 14.0      43013      61223      66671
14.0 to 14.5      62221      88066      96292
14.5 to 15.0      89433     125569     141039
15.0 to 15.5     127170     182722     139566
15.5 to 16.0     179171     195083      15801
16.0 to 16.5     244148      27516         62
16.5 to 17.0      61111        126          3
17.0 to 17.5        317          1          1
17.5 to 18.0          1          0          0
18.0 to 18.5          0          0          0
18.5 to 19.0          0          0          0
     >   19           0          0          0

Color Histogram
  Magnitude  | J_H-Count  | H_K-Count  | J_K-Count  |
       <  -2          0          1          1
-2.0 to -1.8          0          0          0
-1.8 to -1.6          0          0          0
-1.6 to -1.4          0          1          0
-1.4 to -1.2          0          0          0
-1.2 to -1.0          0          0          0
-1.0 to -0.8          1          3          1
-0.8 to -0.6          5          9          3
-0.6 to -0.4          5        232          0
-0.4 to -0.2         47       4382          7
-0.2 to  0.0       1325      50940        373
 0.0 to  0.2      29021     306806       8071
 0.2 to  0.4     191595     190029      58727
 0.4 to  0.6     275890      39199     147318
 0.6 to  0.8     228143       8931     154761
 0.8 to  1.0      62244       1482     149735
 1.0 to  1.2       9989        178      61700
 1.2 to  1.4       1026         25      18505
 1.4 to  1.6        113         12       5044
 1.6 to  1.8         30          4       1040
 1.8 to  2.0          8          3        259
 2.0 to  2.2          5          2         77
 2.2 to  2.4          4          2         38
 2.4 to  2.6          5          0         20
 2.6 to  2.8          1          0         11
 2.8 to  3.0          0          1          6
 3.0 to  3.2          0          1          0
 3.2 to  3.4          1          0          4
 3.4 to  3.6          0          0          2
 3.6 to  3.8          0          0          2
 3.8 to  4.0          0          0          1
 4.0 to  4.2          0          0          0
 4.2 to  4.4          0          0          0
 4.4 to  4.6          0          0          1
 4.6 to  4.8          0          0          0
 4.8 to  5.0          0          0          1
        >  5          0          0          1
