Isochron calculation tool
Computation of isochrones :   age = 2.00E+08

Metallicity : Z = 0.02 , no overshooting        

 ST       L         R        Teff     Mass    Bol    BC     B-V    V-R    V-I    Mu     Mv     Mb     Mr     Mi     Mj     Mh     Mk     Ml  flag  check

 M6   1.657E-03  1.419E-01   2926.   0.100  11.70  -5.08   2.12   2.34   4.92  20.29  16.78  18.90  14.44  11.86   9.76   9.07   8.67   8.26   0     1
 M5   6.488E-03  2.157E-01   3298.   0.200  10.22  -2.96   1.72   1.38   3.16  16.17  13.18  14.90  11.80  10.02   8.36   7.75   7.45   7.18   0     0
 M3   1.369E-02  2.830E-01   3525.   0.300   9.41  -1.89   1.54   1.05   2.34  14.04  11.30  12.83  10.24   8.96   7.73   7.09   6.86   6.67   0     0
 M2   2.399E-02  3.444E-01   3678.   0.400   8.80  -1.52   1.48   0.96   2.03  13.01  10.32  11.80   9.36   8.28   7.21   6.54   6.34   6.18   0     0
 M1   4.253E-02  4.154E-01   3813.   0.500   8.18  -1.27   1.44   0.91   1.84  12.11   9.45  10.88   8.54   7.61   6.64   5.97   5.80   5.66   0     0
 M0   7.474E-02  5.013E-01   3976.   0.600   7.57  -1.08   1.38   0.86   1.69  11.24   8.64  10.02   7.78   6.95   6.07   5.41   5.26   5.13   0     0
 K6   1.297E-01  6.033E-01   4244.   0.700   6.97  -0.79   1.24   0.77   1.44  10.11   7.75   9.00   6.99   6.32   5.54   4.92   4.80   4.69   0     0
 K4   2.320E-01  7.089E-01   4625.   0.800   6.34  -0.56   1.04   0.64   1.17   8.85   6.90   7.95   6.26   5.73   4.99   4.42   4.32   4.22   0     0
 K2   4.025E-01  7.991E-01   5005.   0.900   5.74  -0.39   0.87   0.52   0.96   7.61   6.13   7.00   5.61   5.17   4.55   4.07   3.98   3.91   0     0
 K0   6.689E-01  8.988E-01   5364.   1.000   5.19  -0.29   0.79   0.45   0.84   6.65   5.48   6.27   5.03   4.64   4.12   3.68   3.61   3.55   0     0
 G7   1.052E+00  1.007E+00   5680.   1.100   4.70  -0.22   0.69   0.40   0.78   5.84   4.92   5.61   4.52   4.14   3.70   3.32   3.25   3.20   0     0
 G1   1.646E+00  1.135E+00   5986.   1.200   4.21  -0.19   0.59   0.36   0.71   5.00   4.39   4.98   4.04   3.68   3.33   3.02   2.97   2.92   0     0
 F8   2.441E+00  1.259E+00   6267.   1.300   3.78  -0.16   0.50   0.31   0.63   4.44   3.94   4.44   3.63   3.31   2.98   2.68   2.64   2.60   0     0
 F5   3.470E+00  1.371E+00   6557.   1.400   3.40  -0.13   0.40   0.26   0.52   3.93   3.53   3.93   3.27   3.01   2.76   2.54   2.50   2.47   0     0
 F3   4.699E+00  1.454E+00   6874.   1.500   3.07  -0.11   0.35   0.23   0.46   3.55   3.18   3.53   2.95   2.72   2.54   2.38   2.34   2.31   0     0
 F0   6.279E+00  1.505E+00   7284.   1.600   2.76  -0.10   0.29   0.18   0.39   3.18   2.85   3.14   2.67   2.46   2.33   2.21   2.18   2.15   0     0
 A8   8.269E+00  1.552E+00   7695.   1.700   2.46  -0.11   0.21   0.12   0.30   2.86   2.57   2.78   2.45   2.27   2.14   2.06   2.03   2.00   0     0
 A7   1.055E+01  1.602E+00   8076.   1.800   2.19  -0.13   0.17   0.09   0.23   2.58   2.32   2.49   2.23   2.09   1.96   1.89   1.86   1.83   0     0
 A5   1.325E+01  1.659E+00   8411.   1.900   1.94  -0.15   0.13   0.05   0.13   2.31   2.10   2.23   2.05   1.97   1.83   1.79   1.77   1.75   0     0
 A3   1.643E+01  1.725E+00   8722.   2.000   1.71  -0.18   0.09   0.03   0.08   2.04   1.89   1.98   1.86   1.81   1.71   1.68   1.67   1.66   0     0
 A1   2.456E+01  1.873E+00   9256.   2.200   1.27  -0.25   0.03   0.01   0.02   1.57   1.53   1.55   1.52   1.51   1.47   1.47   1.47   1.46   0     0
 A0   4.256E+01  2.136E+00   9926.   2.500   0.68  -0.43  -0.03   0.00  -0.04   1.00   1.11   1.08   1.11   1.14   1.18   1.19   1.20   1.21   0     0
 A0   5.974E+01  2.351E+00  10316.   2.700   0.31  -0.50  -0.04  -0.01  -0.06   0.65   0.81   0.77   0.82   0.87   0.93   0.95   0.96   0.98   0     0
 B9   9.668E+01  2.765E+00  10715.   3.000  -0.21  -0.58  -0.06  -0.01  -0.07   0.15   0.36   0.31   0.37   0.43   0.51   0.54   0.56   0.58   0     0
 B9   2.049E+02  4.141E+00  10572.   3.500  -1.03  -0.55  -0.05  -0.01  -0.06  -0.68  -0.48  -0.53  -0.47  -0.41  -0.34  -0.32  -0.29  -0.27   0     0
 B8   4.398E+02  4.650E+00  11933.   4.000  -1.86  -0.78  -0.09  -0.02  -0.09  -1.44  -1.07  -1.16  -1.06  -0.98  -0.84  -0.80  -0.76  -0.73   1     0
 B7   9.001E+02  5.290E+00  13429.   5.000  -2.64  -1.11  -0.12  -0.02  -0.09  -2.08  -1.53  -1.65  -1.50  -1.44  -1.23  -1.17  -1.11  -1.10   1     0
 B5   2.069E+03  6.290E+00  15443.   6.000  -3.54  -1.46  -0.14  -0.04  -0.11  -2.80  -2.08  -2.22  -2.04  -1.97  -1.72  -1.66  -1.56  -1.58   1     0
 B5   3.630E+03  6.980E+00  16900.   7.000  -4.15  -1.69  -0.16  -0.05  -0.13  -3.29  -2.46  -2.63  -2.42  -2.34  -2.07  -2.00  -1.89  -1.91   1     0


L,R and M are expressed in solar units, Teff in K
Bol represents the bolometric magnitude
Colors are given in the Cousins system. We used the conversion table of Kenyon et al. (1994, AJ, 108, 251)  
check = 1 means that the colors are out of the table and have been extrapolated
flag  = 1 means that the request was not successful. The data corresponds to the last entry found in the file