Isochron calculation tool
Computation of isochrones :   age = 4.00E+07

Metallicity : Z = 0.02 , no overshooting        

 ST       L         R        Teff     Mass    Bol    BC     B-V    V-R    V-I    Mu     Mv     Mb     Mr     Mi     Mj     Mh     Mk     Ml  flag  check

 M6   5.774E-03  2.379E-01   3063.   0.100  10.35  -4.27   1.99   1.96   4.24  17.93  14.62  16.61  12.66  10.38   8.43   7.77   7.41   7.05   0     0
 M5   1.621E-02  3.399E-01   3331.   0.200   9.23  -2.78   1.67   1.31   3.02  14.95  12.00  13.67  10.69   8.98   7.38   6.78   6.49   6.24   0     0
 M3   2.901E-02  4.163E-01   3527.   0.300   8.59  -1.88   1.54   1.05   2.33  13.22  10.47  12.01   9.42   8.14   6.91   6.27   6.04   5.86   0     0
 M2   4.452E-02  4.763E-01   3671.   0.400   8.13  -1.53   1.49   0.97   2.04  12.36   9.66  11.15   8.69   7.61   6.53   5.87   5.67   5.51   0     0
 M1   6.507E-02  5.305E-01   3783.   0.500   7.72  -1.32   1.45   0.92   1.88  11.71   9.04  10.49   8.12   7.16   6.17   5.50   5.32   5.18   0     0
 M0   9.437E-02  5.909E-01   3907.   0.600   7.31  -1.14   1.40   0.88   1.74  11.08   8.46   9.86   7.57   6.71   5.81   5.14   4.98   4.85   0     0
 K7   1.413E-01  6.696E-01   4075.   0.700   6.87  -0.98   1.34   0.84   1.61  10.40   7.85   9.20   7.02   6.24   5.41   4.75   4.61   4.49   0     0
 K5   2.464E-01  7.788E-01   4464.   0.800   6.27  -0.65   1.12   0.69   1.27   9.04   6.92   8.04   6.23   5.65   4.88   4.29   4.18   4.08   0     0
 K2   4.903E-01  8.770E-01   5021.   0.900   5.52  -0.39   0.87   0.51   0.96   7.38   5.91   6.78   5.40   4.96   4.34   3.86   3.77   3.70   0     0
 K0   6.971E-01  9.222E-01   5350.   1.000   5.14  -0.29   0.79   0.45   0.84   6.62   5.44   6.23   4.99   4.59   4.07   3.63   3.56   3.50   0     0
 G8   1.011E+00  1.003E+00   5626.   1.100   4.74  -0.23   0.71   0.41   0.79   5.93   4.97   5.68   4.56   4.18   3.73   3.33   3.26   3.21   0     0
 G2   1.545E+00  1.127E+00   5912.   1.200   4.28  -0.19   0.61   0.36   0.72   5.10   4.47   5.08   4.11   3.75   3.39   3.07   3.02   2.97   0     0
 F8   2.366E+00  1.256E+00   6227.   1.300   3.81  -0.16   0.51   0.32   0.64   4.49   3.98   4.49   3.65   3.33   2.99   2.69   2.65   2.60   0     0
 F5   3.375E+00  1.363E+00   6530.   1.400   3.43  -0.13   0.40   0.26   0.52   3.96   3.56   3.97   3.30   3.04   2.78   2.56   2.52   2.48   0     0
 F3   4.588E+00  1.442E+00   6860.   1.500   3.10  -0.11   0.35   0.23   0.46   3.58   3.21   3.56   2.98   2.74   2.56   2.40   2.36   2.33   0     0
 F0   6.106E+00  1.484E+00   7285.   1.600   2.79  -0.10   0.29   0.18   0.39   3.21   2.88   3.17   2.70   2.49   2.36   2.24   2.21   2.18   0     0
 A8   8.010E+00  1.516E+00   7719.   1.700   2.49  -0.11   0.21   0.12   0.29   2.89   2.60   2.81   2.49   2.31   2.18   2.10   2.07   2.04   0     0
 A7   1.018E+01  1.548E+00   8142.   1.800   2.23  -0.13   0.17   0.08   0.22   2.62   2.36   2.53   2.28   2.14   2.01   1.94   1.91   1.88   0     0
 A4   1.273E+01  1.584E+00   8517.   1.900   1.99  -0.16   0.11   0.04   0.10   2.33   2.15   2.26   2.11   2.05   1.92   1.89   1.87   1.86   0     0
 A3   1.571E+01  1.623E+00   8876.   2.000   1.76  -0.19   0.07   0.02   0.06   2.07   1.95   2.02   1.93   1.89   1.81   1.79   1.78   1.77   0     0
 A0   2.309E+01  1.706E+00   9554.   2.200   1.34  -0.35  -0.01   0.00  -0.02   1.65   1.70   1.68   1.70   1.72   1.73   1.73   1.74   1.74   0     0
 A0   3.844E+01  1.842E+00  10431.   2.500   0.79  -0.52  -0.05  -0.01  -0.06   1.13   1.31   1.27   1.32   1.37   1.44   1.46   1.48   1.50   0     0
 B9   5.213E+01  1.937E+00  10974.   2.700   0.46  -0.62  -0.06  -0.01  -0.07   0.83   1.08   1.02   1.09   1.15   1.25   1.28   1.30   1.33   0     0
 B9   7.916E+01  2.088E+00  11712.   3.000   0.00  -0.75  -0.08  -0.02  -0.09   0.41   0.75   0.67   0.77   0.84   0.97   1.01   1.04   1.07   0     0
 B8   1.460E+02  2.359E+00  12743.   3.500  -0.66  -0.96  -0.10  -0.02  -0.09  -0.17   0.30   0.19   0.32   0.39   0.57   0.62   0.67   0.70   0     0
 B7   2.471E+02  2.624E+00  13802.   4.000  -1.23  -1.19  -0.12  -0.03  -0.09  -0.63  -0.04  -0.17  -0.02   0.05   0.27   0.32   0.40   0.40   0     0
 B5   6.260E+02  3.306E+00  15523.   5.000  -2.24  -1.48  -0.14  -0.04  -0.11  -1.50  -0.76  -0.91  -0.73  -0.66  -0.40  -0.34  -0.24  -0.27   0     0
 B5   1.383E+03  4.286E+00  16592.   6.000  -3.10  -1.64  -0.16  -0.05  -0.12  -2.27  -1.46  -1.62  -1.41  -1.34  -1.07  -1.00  -0.90  -0.92   0     0
 B5   2.950E+03  6.415E+00  16678.   7.000  -3.92  -1.65  -0.16  -0.05  -0.13  -3.08  -2.27  -2.43  -2.22  -2.15  -1.88  -1.81  -1.71  -1.73   0     0


L,R and M are expressed in solar units, Teff in K
Bol represents the bolometric magnitude
Colors are given in the Cousins system. We used the conversion table of Kenyon et al. (1994, AJ, 108, 251)  
check = 1 means that the colors are out of the table and have been extrapolated
flag  = 1 means that the request was not successful. The data corresponds to the last entry found in the file