Catalog:                    2MASS Working Survey Point Sources
Object:                     IC 2391
Location:                   (130.133, -53.0333) J2000 
Radius:                     2  degrees
Spatial Bins:               80  
Actual Search Area:         31.427 (Sq.Deg)  
User Requested Search Area: 12.5664 (Sq.Deg) 

Source Counts

     Total             J-Band        H-Band        K-Band        JHK-Band 
    893904            883790        814292        641708        628678  

Integrated Surface Brightness

       J-Band        H-Band        K-Band 
      2.20831      1.53306      1.29169

Brightness Histogram
  Magnitude  |  J-Count  |  H-Count  |  K-Count  |
      <    2          1          2          2
 2.0 to  2.5          0          0          0
 2.5 to  3.0          1          1          5
 3.0 to  3.5          0          5          3
 3.5 to  4.0          0          5         15
 4.0 to  4.5          9         16         17
 4.5 to  5.0          5         17         32
 5.0 to  5.5         19         51         83
 5.5 to  6.0         32         87        105
 6.0 to  6.5         59        122        148
 6.5 to  7.0        104        192        269
 7.0 to  7.5        162        311        398
 7.5 to  8.0        247        515        625
 8.0 to  8.5        392        773        931
 8.5 to  9.0        615       1203       1380
 9.0 to  9.5       1032       1749       2004
 9.5 to 10.0       1657       2628       2981
10.0 to 10.5       2443       3799       4324
10.5 to 11.0       3637       5732       6460
11.0 to 11.5       5540       8370       9306
11.5 to 12.0       8145      12087      13343
12.0 to 12.5      11904      17298      18993
12.5 to 13.0      17363      24827      27705
13.0 to 13.5      25079      36878      41549
13.5 to 14.0      37046      54863      61391
14.0 to 14.5      54387      77479      86456
14.5 to 15.0      76882     109841     127349
15.0 to 15.5     107994     159266     176542
15.5 to 16.0     150281     213410      58606
16.0 to 16.5     213714      81075        681
16.5 to 17.0     160514       1686          4
17.0 to 17.5       4515          3          1
17.5 to 18.0         11          1          0
18.0 to 18.5          0          0          0
18.5 to 19.0          0          0          0
     >   19           0          0          0

Color Histogram
  Magnitude  | J_H-Count  | H_K-Count  | J_K-Count  |
       <  -2          1          0          0
-2.0 to -1.8          0          0          0
-1.8 to -1.6          1          0          0
-1.6 to -1.4          0          0          0
-1.4 to -1.2          1          1          1
-1.2 to -1.0          2          2          2
-1.0 to -0.8          1          2          0
-0.8 to -0.6          1         22          1
-0.6 to -0.4          5        365          4
-0.4 to -0.2        115       5495         30
-0.2 to  0.0       1965      49838        395
 0.0 to  0.2      26387     305852       6243
 0.2 to  0.4     179212     196550      53485
 0.4 to  0.6     291791      53009     150414
 0.6 to  0.8     220154      15710     172359
 0.8 to  1.0      70308       3402     145353
 1.0 to  1.2      13825        471      71599
 1.2 to  1.4       2035         59      26875
 1.4 to  1.6        213         10       8063
 1.6 to  1.8         29          4       2150
 1.8 to  2.0         10          4        533
 2.0 to  2.2         10          0        126
 2.2 to  2.4          3          0         24
 2.4 to  2.6          0          1         14
 2.6 to  2.8          2          0          4
 2.8 to  3.0          0          1          3
 3.0 to  3.2          0          2          6
 3.2 to  3.4          0          0          1
 3.4 to  3.6          0          0          3
 3.6 to  3.8          0          0          1
 3.8 to  4.0          0          0          2
 4.0 to  4.2          0          0          1
 4.2 to  4.4          0          0          1
 4.4 to  4.6          0          0          0
 4.6 to  4.8          0          0          0
 4.8 to  5.0          0          0          0
        >  5          0          0          0
