9.460
9.859
9.704
10.238
10.127
9.425
9.393
1.865
8.185
2.790
9.817
3.882
9.236
1.699
7.249
10.055
0.793
9.298
5.359
9.083
0.007
7.092
9.032
-0.267
6.253
1.447
2.205
3.233
0.118
-1.788
9.669
8.526
9.496
10.165
6.458
9.999
1.475
3.584
5.865
7.884
9.499
9.790
2.708
5.720
8.411
9.174
1.173
6.879
7.483
1.546
0.000
9.502
7.385
-0.539
10.075
9.914
1.665
5.268
2.453
6.903
7.816
10.055
2.886
9.704
9.419
9.737
9.096
9.034
1.526
5.585
5.262
6.291
6.076
7.268
7.782
8.427
7.444
8.053
8.073
8.062
8.281
7.996
7.529
-15.797
8.824
-15.797
7.950
8.870
8.582
9.819
-15.797
7.719
7.238
8.155
7.938
7.465
-15.797
-15.797
7.653
8.011
6.954
7.526
8.190
8.570
7.675
8.579
6.907
8.661
8.046
8.179
8.155
7.937
7.325
0
0
0
0
0
0
0
0
0
0
0
0
0
0
0
0
0
0
0
0
0
0
0
0
0
0
0
0
0
0
0
0
0
0
0
0
0
0
0
0
0
0
0
0
0
0
0
0
0
0
0
0
0
0
0
0
0
0
0
0
0
0
0
0
0
0
0
0
0
0
0
0
0
0
0
0
0
0
0
0
0
0
0
0
0
0
0
0
0
0
0
0
0
0
0
0
0
0
0
0
0
0
0
0
0
0
0
0
0
0
0
0
0
0
0
3.593
4.243
2.503
3.233
2.873
3.933
4.903
3.833
3.453
5.263
3.813
4.353
2.863
3.083
9.053
5.843
4.623
4.293
6.863
4.273
7.093
6.303
7.773
6.043
5.043
6.363
4.243
4.903
7.833
7.183
5.573
8.353
3.983
4.023
9.243
5.553
6.733
7.953
5.103
7.743
5.283
6.963
7.083
8.353
8.803
4.593