10.257
10.342
10.536
10.848
10.754
9.862
10.325
1.866
9.008
2.984
10.298
4.277
9.743
1.693
7.740
10.644
0.771
10.078
5.776
9.706
-0.036
7.579
9.890
-0.263
6.911
1.405
2.269
3.523
0.016
-1.736
10.339
9.066
10.280
10.936
6.963
10.727
1.444
3.926
6.504
8.360
10.159
10.625
2.870
6.329
9.180
9.644
1.268
7.448
8.111
1.530
-0.063
10.383
8.088
-0.610
10.973
10.254
1.670
5.886
2.594
7.470
8.362
10.707
3.024
9.957
9.816
10.274
9.644
9.453
1.533
6.242
5.865
6.916
6.673
7.877
8.377
10.560
8.128
8.654
8.700
8.648
8.823
8.613
8.121
-15.797
9.507
-15.797
8.653
9.467
9.147
10.280
-15.797
8.384
7.857
8.736
8.563
8.099
-15.797
-15.797
8.275
8.537
7.649
8.181
8.848
9.276
8.327
9.252
7.530
9.308
8.653
8.759
8.665
8.410
7.890
3.370
5.913
4.972
4.419
4.277
5.147
4.771
2.746
3.948
6.775
3.426
5.261
1.693
3.523
3.926
2.870
7.726
6.480
4.619
7.126
5.375
5.460
3.728
6.782
-0.036
7.579
5.247
4.617
8.284
4.392
3.337
5.694
4.592
4.464
4.636
1.866
4.967
5.921
6.005
1.405
7.578
6.819
5.805
3.024
4.312
0.771
6.307
2.787
2.920
-0.263
0.016
8.202
1.268
2.894
4.936
-0.063
-0.610
3.522
1.670
1.533
4.765
8.469
3.789
3.404
2.984
4.139
3.960
3.306
2.559
4.536
-1.736
1.444
3.138
5.330
5.288
1.530
3.399
5.584
5.280
5.500
3.796
4.935
6.296
0.633
3.873
5.611
2.266
2.269
4.653
2.594
4.313
4.276
4.211
5.276
2.744
3.083
4.704
4.548
2.278
7.073
4.274
3.513
4.944
1.727
0.160
5.809
4.046
4.769
1.817
4.039
1.456
5.723
6.425
4.368
4.365
3.963
4.963
2.773
3.523
3.143
4.283
5.583
4.313
3.793
5.863
4.213
4.933
3.083
3.353
9.733
6.423
5.433
5.133
7.473
5.173
7.713
6.923
8.333
6.663
5.793
6.983
4.733
5.583
8.393
7.783
6.203
8.963
4.793
4.713
9.993
6.573
7.333
8.573
6.073
8.323
5.843
7.703
7.623
8.753
9.383
5.283