9.210
9.467
9.822
9.411
9.449
9.306
9.086
1.859
8.151
2.704
9.381
3.840
8.952
1.658
7.160
9.735
0.803
9.173
5.263
8.976
-0.005
6.961
9.064
-0.274
6.046
1.353
2.128
3.093
0.087
-1.665
9.198
8.206
9.524
9.835
6.331
10.145
1.398
3.465
5.609
7.825
9.064
9.442
2.732
5.448
8.269
9.033
1.117
6.681
7.292
1.529
0.002
9.520
7.196
-0.544
10.126
9.736
1.593
5.018
2.392
6.645
7.773
9.910
2.787
8.455
9.627
9.361
8.761
8.794
1.446
5.372
4.988
6.041
5.808
7.003
7.487
8.228
7.185
7.780
7.685
7.836
7.934
7.628
7.195
-15.797
8.558
-15.797
7.719
8.399
8.182
9.988
-15.797
7.471
6.938
7.825
7.587
7.126
-15.797
-15.797
7.367
7.597
6.734
7.253
7.869
8.223
7.322
8.155
6.645
8.296
7.720
7.804
7.744
7.543
6.978
3.003
5.558
4.624
3.761
3.840
4.738
4.072
2.518
3.447
6.218
3.056
4.929
1.658
3.093
3.465
2.732
7.199
6.091
4.016
6.670
5.016
5.021
3.394
6.357
-0.067
6.961
4.433
3.884
7.738
3.868
2.956
5.075
4.284
3.801
3.960
1.859
4.042
5.324
5.332
1.353
6.871
6.369
5.396
2.787
3.809
0.739
5.572
2.465
2.511
-0.274
-0.055
7.461
1.117
2.557
4.079
-0.128
-0.676
3.184
1.593
1.446
4.405
7.984
3.583
3.032
2.704
3.474
3.556
2.873
2.324
3.986
-1.807
1.398
2.821
4.919
4.463
1.529
2.841
4.709
4.470
4.663
3.358
4.254
5.790
0.578
3.668
4.729
1.992
2.128
4.299
2.392
3.696
3.617
3.781
4.850
2.520
2.828
4.131
3.957
2.178
6.453
3.587
3.136
4.352
1.068
-0.526
5.434
3.550
4.331
1.719
3.426
0.856
5.310
6.008
3.723
3.794
3.553
4.043
2.463
3.093
2.823
3.883
4.713
3.693
3.363
4.993
3.783
4.253
2.833
2.963
8.713
5.613
4.383
4.033
6.643
4.003
6.843
6.103
7.423
5.773
4.843
6.123
4.113
4.713
7.433
6.873
5.323
8.003
3.783
3.863
8.943
5.253
6.473
7.653
4.843
7.473
4.883
6.753
6.803
8.143
8.663
4.463