Catalog:                    2MASS Working Survey Point Sources
Object:                     NGC 3532
Location:                   (166.449, -58.7705) J2000 
Radius:                     2  degrees
Spatial Bins:               67  
Actual Search Area:         18.4619 (Sq.Deg)  
User Requested Search Area: 12.5664 (Sq.Deg) 

Source Counts

     Total             J-Band        H-Band        K-Band        JHK-Band 
   1331407           1248119       1171559        896053        850867  

Integrated Surface Brightness

       J-Band        H-Band        K-Band 
      0.969034      0.208803      -0.0995967

Brightness Histogram
  Magnitude  |  J-Count  |  H-Count  |  K-Count  |
      <    2          2          7          7
 2.0 to  2.5          3          0          1
 2.5 to  3.0          2          2          2
 3.0 to  3.5          1          3          7
 3.5 to  4.0          2         10         18
 4.0 to  4.5          4         19         43
 4.5 to  5.0          9         46         65
 5.0 to  5.5         34         75        118
 5.5 to  6.0         46        138        208
 6.0 to  6.5         93        215        343
 6.5 to  7.0        147        393        525
 7.0 to  7.5        258        572        837
 7.5 to  8.0        417        983       1276
 8.0 to  8.5        714       1487       1786
 8.5 to  9.0       1116       2183       2700
 9.0 to  9.5       1792       3222       3869
 9.5 to 10.0       2714       4859       5682
10.0 to 10.5       4115       7299       8832
10.5 to 11.0       6408      10919      12739
11.0 to 11.5       9920      16563      19522
11.5 to 12.0      15125      24682      28389
12.0 to 12.5      23034      35354      41275
12.5 to 13.0      33382      51917      59751
13.0 to 13.5      48691      75138      84118
13.5 to 14.0      73308     103723     112687
14.0 to 14.5     103771     141326     154837
14.5 to 15.0     143691     199652     212474
15.0 to 15.5     197887     276529     135750
15.5 to 16.0     271974     196870       8164
16.0 to 16.5     272140      17336         25
16.5 to 17.0      37250         35          0
17.0 to 17.5         62          2          2
17.5 to 18.0          5          0          0
18.0 to 18.5          2          0          1
18.5 to 19.0          0          0          0
     >   19           0          0          0

Color Histogram
  Magnitude  | J_H-Count  | H_K-Count  | J_K-Count  |
       <  -2          0          2          1
-2.0 to -1.8          0          0          0
-1.8 to -1.6          1          0          0
-1.6 to -1.4          1          2          1
-1.4 to -1.2          1          2          2
-1.2 to -1.0          1          1          1
-1.0 to -0.8          1          2          1
-0.8 to -0.6          3         12          1
-0.6 to -0.4         11        142          3
-0.4 to -0.2         30       3816         12
-0.2 to  0.0       1925      59623        905
 0.0 to  0.2      50177     389541      18108
 0.2 to  0.4     277392     312636     102803
 0.4 to  0.6     338309      85523     194032
 0.6 to  0.8     254004      18480     177336
 0.8 to  1.0     109867       3500     164393
 1.0 to  1.2      41514        730      96989
 1.2 to  1.4      16197        223      50051
 1.4 to  1.6       6020         78      26670
 1.6 to  1.8       2085         43      14455
 1.8 to  2.0        832         17       7734
 2.0 to  2.2        349         18       4055
 2.2 to  2.4        131          6       1978
 2.4 to  2.6         45          9       1032
 2.6 to  2.8         32          6        530
 2.8 to  3.0         13          2        292
 3.0 to  3.2          7          0        180
 3.2 to  3.4          3          0        110
 3.4 to  3.6          2          0         51
 3.6 to  3.8          1          1         24
 3.8 to  4.0          0          0         22
 4.0 to  4.2          2          0         18
 4.2 to  4.4          0          0         16
 4.4 to  4.6          0          0          2
 4.6 to  4.8          0          0          3
 4.8 to  5.0          0          0          1
        >  5          0          0          8
