2.065500000
0.030149627
1.984500000
0.030066593
0.348500000
0.030016662
4.089585217
0.055672843
1.800500000
0.030066593
1.478500000
0.030066593
3.230000000
0.130000000
6.217571495
0.050009999
0.300000000
0.100000000
5.783822021
0.040955274
1.600000000
0.111803399
7.337025890
0.063247530
5.882000000
0.040773766
2.740000000
0.111803399
7.050000000
0.111803399
6.040500000
0.041967249
2.050000000
0.030033315
4.783500000
0.031176915
6.673496452
0.048283020
3.989500000
0.031575307
2.550000000
0.058309519
3.560000000
0.030298515
0.556500000
0.030008332
7.385149304
0.050019996
1.483649549
0.050267144
0.659008744
0.071101035
4.963000000
0.030907119
6.549315962
0.076927877
6.526000000
0.032522382
7.803000000
0.042778124
5.432691318
0.144305894
6.034465511
0.035331905
7.911320030
0.134908370
5.676000000
0.034124771
1.050000000
0.100000000
1.343000000
0.030016662
3.067500000
0.030149627
3.984512781
0.033651995
2.558000000
0.030066593
0.723000000
0.030016662
6.685000000
0.039698866
0.026000000
0.030016662
3.910500000
0.030265492
5.776000000
0.034000000
7.551610809
0.061923407
6.450751463
0.036055513
0.387254900
0.059641788
8.766348556
0.069076010
7.118666667
0.044560820
3.890000000
0.030719672
6.400333333
0.039176240
7.964421516
0.146556093
7.075492743
0.052790780
8.265000000
0.041315678