0.571608173
0.003429649
1.202884583
0.007217307
0.403739158
0.002422435
1.1307378
0.006784427
0.573356794
0.003440141
0.571529648
0.003429178
0.399158498
0.002394951
2.855111912
0.017130671
0.296753655
0.002639882
2.169078318
0.01301447
0.2277
0.03465
3.541893581
0.021251361
3.112098383
0.01867259
0.3564
0.021384
2.00277
0.01201662
3.791744749
0.022750468
1.276450859
0.007658705
4.396802966
0.026380818
4.005580543
0.024033483
3.233666627
0.019402
0.477546053
0.003455872
0.693855725
0.004163134
2.148462524
0.012890775
3.485484863
0.020912909
0.751855995
0.004632346
0.459713925
0.004783758
3.813708313
0.02288225
4.75110668
0.02850664
3.185413776
0.019112483
3.587293727
0.021523762
0.989003295
0.00593402
4.620067705
0.027720406
2.735295995
0.016411776
2.590984477
0.015545907
0.153545975
0.008473273
2.896157275
0.017376944
1.105231211
0.006631387
3.540632789
0.021243797
0.744840881
0.004469045
2.049435661
0.012296614
3.902624677
0.023415748
0.52969084
0.003178145
3.416608042
0.020499648
2.616581156
0.015699487
4.795970728
0.028775824
4.549626842
0.027297761
0.21134289
0.006295879
4.269253938
0.025615524
2.757312926
0.016543878
4.504706243
0.027028237
2.590968887
0.015545813
3.464657519
0.020787945
4.234225538
0.025405353
3.603966881
0.021623801