4.176
1.537
1.490
0.755
1.740
1.507
3.246
0.644
2.619
1.147
4.520
2.490
1.361
0.391
4.562
0.605
4.562
3.879
3.934
0.642
5.534
3.174
5.534
0.462
1.440
0.067
4.834
1.413
4.834
0.192
1.498
0.064
4.965
2.252
1.675
0.182
2.573
0.081
2.975
0.610
2.736
0.948
2.290
0.552
1.702
1.312
2.490
0.048
2.490
1.210
2.920
2.604
2.980
0.650
2.985
0.363
2.836
0.311
2.836
0.156
2.907
0.527
2.790
0.380
2.790
0.141
3.407
0.617
3.835
2.446
2.311
1.201
5.224
1.290
5.224
0.983
5.464
1.731
3.140
2.340
2.380
0.061
3.185
3.151
2.375
0.420
2.667
0.140
2.519
0.039
2.387
0.073
5.150
4.571
1.814
0.020
1.814
0.038
1.814
0.348
2.186
0.068
2.186
0.026
2.186
0.044
1.655
0.020