0.235159989
2.300659989
2.378159989
4.362659989
1.999159989
2.347659989
0.803159989
4.892745205
1.353159989
3.153659989
0.002159989
1.480659989
2.557159989
5.787159989
-0.982818821
5.234752675
-0.982818821
-0.682818821
-0.719818821
5.064003200
-1.333818821
0.266181179
-1.333818821
6.003207069
2.463910885
8.345910885
-0.236089115
2.503910885
-0.236089115
6.813910885
2.362910885
8.403410885
-0.341089115
1.708910885
2.109910885
6.893410885
1.396910885
8.070407337
1.031910885
5.021410885
1.247910885
3.797910885
1.683910885
5.243910885
2.066910885
2.623410885
1.480910885
8.866060189
1.480910885
2.964560434
0.182513920
0.841522664
0.059513920
5.022513920
0.049513920
6.598829882
0.365513920
6.891513920
0.365513920
8.168513920
0.209513920
5.642205238
0.468513920
6.502979430
0.468513920
8.379833950
-0.504486080
5.171513920
0.487068658
1.537068658
1.674068658
3.017068658
-0.386931342
2.680568658
-0.386931342
3.597581439
-0.542931342
2.015068658
0.925068658
1.648068658
1.608068658
8.293068658
0.890068658
0.916068658
1.613068658
5.523568658
1.328068658
7.104068658
1.461068658
9.012679467
1.601068658
8.051820121
-0.338931342
0.048323558
1.899068658
10.665417214
1.899068658
9.017735325
1.899068658
5.789068658
1.743068658
8.143401991
1.743068658
9.707490174
1.743068658
8.818561401
2.137068658
10.402068658