Catalog:                    2MASS Working Survey Point Sources
Object:                     NGC 6475
Location:                   (268.462, -34.7933) J2000 
Radius:                     2  degrees
Spatial Bins:               84  
Actual Search Area:         22.7068 (Sq.Deg)  
User Requested Search Area: 12.5664 (Sq.Deg) 

Source Counts

     Total             J-Band        H-Band        K-Band        JHK-Band 
   2253582           2123465       2054817       1946497       1838909  

Integrated Surface Brightness

       J-Band        H-Band        K-Band 
      0.0943285      -0.875643      -1.25496

Brightness Histogram
  Magnitude  |  J-Count  |  H-Count  |  K-Count  |
      <    2          0          3          4
 2.0 to  2.5          0          2          2
 2.5 to  3.0          2          1          8
 3.0 to  3.5          3          8         19
 3.5 to  4.0          3         22         27
 4.0 to  4.5          8         26         71
 4.5 to  5.0          9         60        100
 5.0 to  5.5         36        128        190
 5.5 to  6.0         69        184        336
 6.0 to  6.5        124        373        738
 6.5 to  7.0        196        709       1555
 7.0 to  7.5        369       1443       3297
 7.5 to  8.0        721       3313       7356
 8.0 to  8.5       1328       7905      14798
 8.5 to  9.0       2866      16534      21277
 9.0 to  9.5       6529      24346      28364
 9.5 to 10.0      14941      32229      37698
10.0 to 10.5      23936      43996      52668
10.5 to 11.0      34183      62455      74563
11.0 to 11.5      48241      89967     108066
11.5 to 12.0      69573     132060     155019
12.0 to 12.5     103373     182722     203912
12.5 to 13.0     155501     279125     356183
13.0 to 13.5     224405     497693     466682
13.5 to 14.0     398661     394067     244799
14.0 to 14.5     555633     174870     120198
14.5 to 15.0     308993      85600      44736
15.0 to 15.5     127506      24352       3819
15.5 to 16.0      42821        623         11
16.0 to 16.5       3432          1          1
16.5 to 17.0          2          0          0
17.0 to 17.5          1          0          0
17.5 to 18.0          0          0          0
18.0 to 18.5          0          0          0
18.5 to 19.0          0          0          0
     >   19           0          0          0

Color Histogram
  Magnitude  | J_H-Count  | H_K-Count  | J_K-Count  |
       <  -2          2          0          0
-2.0 to -1.8          0          3          0
-1.8 to -1.6          0          3          1
-1.6 to -1.4          1          4          0
-1.4 to -1.2          0          4          1
-1.2 to -1.0          0         11          1
-1.0 to -0.8          3         25          0
-0.8 to -0.6          4         30          5
-0.6 to -0.4          3         52          9
-0.4 to -0.2         10        407         11
-0.2 to  0.0        148      21201         89
 0.0 to  0.2       5680     702348       2258
 0.2 to  0.4      84152     963507      29277
 0.4 to  0.6     214684     172477     101192
 0.6 to  0.8     808447      18283     230518
 0.8 to  1.0     539155       1708     590685
 1.0 to  1.2     204784        455     440474
 1.2 to  1.4      79435        192     224840
 1.4 to  1.6      24871        117     119636
 1.6 to  1.8       3677         75      66953
 1.8 to  2.0        718         47      34617
 2.0 to  2.2        255         27      14648
 2.2 to  2.4        146         24       4701
 2.4 to  2.6         78         23       1393
 2.6 to  2.8         52         16        549
 2.8 to  3.0         36         12        290
 3.0 to  3.2         17          5        166
 3.2 to  3.4          5          4        104
 3.4 to  3.6          7          2         78
 3.6 to  3.8          1          1         63
 3.8 to  4.0          2          0         49
 4.0 to  4.2          0          0         21
 4.2 to  4.4          0          0         11
 4.4 to  4.6          0          0          9
 4.6 to  4.8          0          0          5
 4.8 to  5.0          0          0         10
        >  5          0          0          6
