2.07
0.03
1.98
0.03
0.35
0.03
3.67
0.03
1.80
0.03
1.48
0.03
3.12
0.13
6.22
0.05
0.26
0.11
5.78
0.04
1.60
0.11
7.34
0.06
5.88
0.04
2.74
0.11
7.05
0.11
6.04
0.04
2.05
0.03
4.78
0.03
6.67
0.05
3.99
0.03
2.40
0.05
3.56
0.03
0.56
0.03
7.39
0.05
1.48
0.05
0.66
0.07
4.96
0.03
7.04
0.05
6.53
0.03
7.80
0.04
5.43
0.14
6.03
0.04
7.91
0.13
5.68
0.03
1.08
0.11
1.34
0.03
3.07
0.03
4.01
0.03
2.56
0.03
0.72
0.03
6.69
0.04
0.03
0.03
3.91
0.03
5.78
0.03
7.55
0.06
6.45
0.04
0.39
0.06
8.77
0.07
7.12
0.04
3.89
0.03
6.40
0.04
7.96
0.15
7.08
0.05
8.27
0.04