2.030000000
0.030066593
2.296000000
0.030066593
0.386500000
0.030016662
5.210457330
0.053973147
1.970000000
0.030066593
1.444500000
0.030016662
4.000000000
0.250000000
5.965750553
0
0.150000000
0.150000000
6.862486081
0.124824304
1.700000000
0.206155281
8.101704162
0.058002155
6.446000000
0.044254943
3.500000000
0
7.900000000
0.206155281
7.045000000
0.048283020
2.252500000
0.030033315
5.484000000
0.031941353
7.420000000
0.100051237
4.880000000
0.031084562
2.800000000
0.104403065
4.900000000
0.250000000
0.568500000
0.030008332
8.531882741
0.050019996
1.892404878
0.055162099
0.763487003
0.195100707
5.792500000
0.031819805
7.370697380
0.104403065
0
0
0
0
0
0
0
0
0
0
5.835500000
0.032729956
1.250000000
0
1.463500000
0.030016662
3.100500000
0.036055513
5.273230120
0.062053299
2.671000000
0.030066593
0.873500000
0.030016662
7.123500000
0.039051248
0.054000000
0.030016662
4.786500000
0.030265492
0
0
8.370806980
0.094948887
0
0
0.610312861
0.255342345
9.138905670
0.169068688
7.593333333
0.052646621
4.710000000
0.032781501
7.210000000
0.041243181
8.616512751
0.181254706
7.890940965
0.034478040
0
0