0.212159989
2.242159989
2.417159989
4.713159989
2.231159989
2.617659989
0.771159989
4.547159989
1.405159989
3.375159989
-0.062840011
1.381659989
2.894159989
7.474159989
-0.948818821
5.016931732
-0.948818821
-0.948817735
-0.723818821
6.138667261
-1.287818821
0.412181179
-1.287818821
6.813885341
2.457910885
8.903910885
-0.156089115
3.343910885
-0.156089115
7.743910885
2.272910885
9.317910885
-0.405089115
1.847410885
2.077910885
7.561910885
1.635910885
9.055910885
1.028910885
5.908910885
1.234910885
3.38915414
1.698910885
4.579410885
1.905910885
2.474410885
1.604910885
10.13679363
1.604910885
3.497315763
0.15051392
0.914000923
0.05451392
5.84701392
0.13551392
8.59051392
0.36051392
-100
0.36051392
-100
0.14051392
-100
0.46451392
-100
0.46451392
-100
-0.45148608
5.38401392
0.523068658
1.358334794
1.794068658
3.257568658
-0.389931342
2.710568658
-0.389931342
4.910068658
-0.502931342
2.168068658
0.982068658
1.855568658
1.675068658
8.798568658
1.002068658
1.056068658
1.569068658
6.355568658
1.278068658
-100
1.603068658
9.973875638
1.628068658
-100
0.516068658
1.126381519
1.947068658
11.08597433
1.947068658
9.540401991
1.947068658
6.657068658
1.762068658
8.972068658
1.762068658
10.37858141
1.762068658
9.653009623
2.068068658