1.944000000
0.030066593
2.014000000
0.030066593
0.371500000
0.030016662
4.155993346
0.043324334
1.805000000
0.030066593
1.470500000
0.030016662
3.400000000
0.158113883
6.063328219
0.050009999
0.250000000
0.100000000
6.000363763
0.047829567
1.500000000
0.111803399
7.510443728
0.052945727
5.868500000
0.037583241
3.090000000
0.111803399
7.390000000
0.111803399
6.167000000
0.040755368
2.142000000
0.030033315
4.900000000
0.031084562
6.960000000
0.056375970
4.169000000
0.030528675
2.700000000
0.104403065
4.450000000
0.050000000
0.580000000
0.030008332
7.519275222
0.050019996
1.619543705
0.050849919
0.659008744
0.102181561
5.142000000
0.031276988
6.756966220
0.111111298
0
0
0
0
0
0
0
0
0
0
5.644000000
0.033166248
1.350000000
0.150000000
1.364000000
0.030016662
3.018500000
0.030066593
4.262313934
0.035045154
2.578000000
0.030066593
0.743000000
0.030016662
6.741000000
0.035510562
0.029000000
0.030016662
4.166500000
0.030265492
0
0
7.842029109
0.067695923
0
0
0.536675412
0.117290518
8.637710563
0.192817919
7.222666667
0.042449971
4.080000000
0.030560224
6.701000000
0.034936450
8.262460301
0.100552551
6.829756457
0.033072554
0
0