0.227159989
2.171159989
2.419159989
4.433159989
2.044159989
2.415659989
0.793159989
4.540826655
1.447159989
3.252159989
0.000159989
1.470659989
2.668159989
6.068159989
-0.955818821
5.107509398
-0.955818821
-0.672045634
-0.732818821
5.267544942
-1.288818821
0.211181179
-1.288818821
6.221624907
2.498910885
8.367410885
-0.180089115
2.909910885
-0.180089115
7.209910885
2.339910885
8.506910885
-0.319089115
1.822910885
2.150910885
7.050910885
1.488910885
8.448910885
1.078910885
5.247910885
1.297910885
3.59995777
1.739910885
4.938410885
2.157910885
2.737910885
1.544910885
9.064186107
1.544910885
3.16445459
0.17051392
0.829522664
0.09351392
5.23551392
0.21051392
8.01801392
0.41451392
-100
0.41451392
-100
0.19351392
-100
0.53151392
-100
0.53151392
-100
-0.47048608
5.17351392
0.543068658
1.829779325
1.746068658
3.110068658
-0.373931342
2.644568658
-0.373931342
3.945068658
-0.521931342
2.056068658
1.005068658
1.748068658
1.708068658
8.449068658
0.978068658
1.007068658
1.584068658
5.750568658
1.325068658
-100
1.560068658
9.402097767
1.669068658
-100
-0.160931342
0.37574407
1.900068658
10.53777922
1.900068658
9.122735325
1.900068658
5.980068658
1.797068658
8.498068658
1.797068658
10.05952896
1.797068658
8.626825115
2.118068658
-100