1.460159989
1.693159989
-1.735840011
1.670159989
1.533159989
1.516159989
0.633159989
-0.035840011
0.016159989
-0.262840011
-0.609840011
1.444159989
1.530159989
3.843159989
2.266159989
2.278159989
3.341159989
2.269159989
2.452159989
1.832159989
-1.326818821
-1.068818821
-0.925818821
0.985910885
1.656910885
-1.106089115
-0.519089115
1.581910885
-0.391089115
1.407910885
-0.614089115
1.292910885
0.732910885
1.185910885
0.323910885
1.675910885
1.164910885
1.949910885
-0.261089115
1.258910885
1.703910885
1.304910885
0.378910885
0.912910885
0.720910885
-0.294089115
0.231910885
0.007910885
-1.093089115
2.029910885
0.351910885
-0.15913053
0.69286947
-0.02213053
0.42686947
0.34686947
-1.12813053
-0.92313053
-0.75113053
0.38786947
-0.64613053
0.69286947
-2.11213053
-1.33613053
-0.02913053
0.68986947
0.56586947
-2.64813053
0.00286947
0.63686947
0.48586947
0.38186947
0.61786947
0.54286947
0.65786947
0.62651392
-0.29148608
0.62651392
0.13351392
0.03751392
0.14051392
0.46451392
0.22251392
-0.86648608
0.17051392
-0.07948608
0.24751392
0.18851392
-1.19748608
0.19751392
0.565068658
-0.076931342
0.924068658
-0.809931342
0.918068658
-0.795931342
1.352068658
1.628068658
2.790068658
0.760068658
2.506068658
0.060068658
2.117068658
2.578068658
2.423068658
1.506068658
-0.679931342
2.205068658
1.936068658
2.013068658
2.154068658
1.897068658
2.624068658