1.543159989
1.699159989
-1.787840011
1.665159989
1.526159989
1.479159989
0.684159989
0.007159989
0.118159989
-0.266840011
-0.538840011
1.475159989
1.546159989
3.764159989
2.026159989
2.184159989
3.332159989
2.205159989
2.415159989
1.781159989
-1.323818821
-1.012818821
-0.921818821
1.126910885
1.698910885
-0.996089115
-0.486089115
1.618910885
-0.390089115
1.461910885
-0.521089115
1.228910885
0.611910885
1.170910885
0.383910885
1.687910885
1.223910885
1.940910885
-0.147089115
1.351910885
1.711910885
1.301910885
0.514910885
0.967910885
0.761910885
-0.224089115
0.335910885
-0.144089115
-1.043089115
2.069910885
0.441910885
-0.08213053
0.72886947
0.05886947
0.41186947
0.34986947
-1.09913053
-0.88713053
-0.74813053
0.43286947
-0.57113053
0.67686947
-2.17513053
-1.29113053
0.02986947
0.62986947
0.67486947
-2.81113053
0.04586947
0.67786947
0.46786947
0.43286947
0.55986947
0.53186947
0.69386947
0.71451392
-0.28648608
0.71451392
0.19251392
0.09451392
0.19351392
0.53151392
0.20051392
-0.88748608
0.16051392
-0.04848608
0.27651392
0.19751392
-1.35848608
0.19851392
0.643068658
0.001068658
0.958068658
-0.756931342
0.945068658
-0.719931342
1.417068658
1.669068658
2.748068658
0.163068658
2.391068658
-0.683931342
2.131068658
2.401068658
2.193068658
1.250068658
-0.630931342
1.862068658
1.911068658
1.987068658
1.933068658
1.718068658
2.475068658