1.549159989
1.658159989
-1.664840011
1.593159989
1.446159989
1.411159989
0.688159989
-0.004840011
0.087159989
-0.273840011
-0.543840011
1.398159989
1.529159989
3.705159989
1.992159989
2.178159989
3.256159989
2.128159989
2.315159989
1.714159989
-1.360818821
-1.005818821
-0.894818821
1.038910885
1.621910885
-0.986089115
-0.493089115
1.653910885
-0.390089115
1.470910885
-0.540089115
1.155910885
0.496910885
1.129910885
0.410910885
1.732910885
1.181910885
1.899910885
-0.178089115
1.312910885
1.672910885
1.246910885
0.461910885
0.905910885
0.776910885
-0.217089115
0.355910885
-0.227089115
-1.037089115
1.994910885
0.397910885
-0.12613053
0.68786947
0.02686947
0.37586947
0.29186947
-1.13613053
-0.90613053
-0.81513053
0.43886947
-0.60613053
0.69886947
-2.31113053
-1.30813053
-0.06313053
0.57986947
0.55986947
-2.93313053
-0.01113053
0.66386947
0.45486947
0.37486947
0.61786947
0.55686947
0.69786947
0.67451392
-0.33748608
0.67451392
0.17951392
0.04451392
0.20951392
0.46851392
0.14851392
-0.87648608
0.12051392
-0.04448608
0.29951392
0.09851392
-1.48048608
0.21651392
0.602068658
0.010068658
0.897068658
-0.771931342
0.929068658
-0.732931342
1.374068658
1.601068658
2.742068658
0.016068658
2.271068658
-0.945931342
2.041068658
2.346068658
2.123068658
1.149068658
-0.624931342
1.774068658
1.852068658
1.930068658
1.913068658
1.680068658
2.380068658