0.235159989
2.300659989
2.378159989
4.362659989
1.999159989
2.347659989
0.803159989
4.475826655
1.353159989
3.153659989
0.002159989
1.480659989
2.557159989
5.677159989
-0.982818821
5.234752675
-0.982818821
-0.719992963
-0.719818821
5.0640032
-1.333818821
0.266181179
-1.333818821
6.003207069
2.463910885
8.345910885
-0.236089115
2.503910885
-0.236089115
6.813910885
2.362910885
8.403410885
-0.341089115
1.708910885
2.109910885
6.893410885
1.396910885
8.070407337
1.031910885
5.021410885
1.247910885
3.644429172
1.683910885
5.243910885
2.066910885
2.623410885
1.480910885
8.866060189
1.480910885
2.964560434
0.18251392
0.841522664
0.05951392
5.02251392
0.04951392
7.09001392
0.36551392
6.89151392
0.36551392
8.16851392
0.20951392
5.642205238
0.46851392
6.50297943
0.46851392
8.37983395
-0.50448608
5.17151392
0.487068658
1.570238585
1.674068658
3.017068658
-0.386931342
2.680568658
-0.386931342
3.620068658
-0.542931342
2.015068658
0.925068658
1.648068658
1.608068658
8.293068658
0.890068658
0.916068658
1.613068658
5.523568658
1.328068658
7.104068658
1.461068658
9.012679467
1.601068658
8.051820121
-0.338931342
0.048323558
1.899068658
10.66541721
1.899068658
9.017735325
1.899068658
5.789068658
1.743068658
8.143401991
1.743068658
9.707490174
1.743068658
8.818561401
2.137068658
10.40206866