4.18
1.54
1.49
0.76
1.74
1.51
3.25
0.73
2.62
1.15
4.52
2.49
1.36
0.42
4.56
0.61
4.56
3.93
3.93
0.64
5.53
3.17
5.53
0.46
1.44
0.07
4.83
1.41
4.83
0.19
1.50
0.06
4.97
2.25
1.68
0.18
2.57
0.08
2.98
0.61
2.74
0.99
2.29
0.55
1.70
1.31
2.49
0.05
2.49
1.21
2.92
2.60
2.98
0.65
2.99
0.28
2.84
0.31
2.84
0.16
2.91
0.53
2.79
0.38
2.79
0.14
3.41
0.62
3.84
2.42
2.31
1.20
5.22
1.29
5.22
0.97
5.46
1.73
3.14
2.34
2.38
0.06
3.19
3.15
2.38
0.42
2.67
0.14
2.52
0.04
2.39
0.07
5.15
4.57
1.81
0.02
1.81
0.04
1.81
0.35
2.19
0.07
2.19
0.03
2.19
0.04
1.66
0.02